~o
<STREAMINFO> 1 9
<VECSIZE> 9<NULLD><USER><DIAGC>
~h "GA"
<BEGINHMM>
<NUMSTATES> 8
<STATE> 2
<NUMMIXES> 5
<MIXTURE> 1 2.238267e-001
<MEAN> 9
 -8.394839e+000 -1.024555e+001 7.213253e-001 3.831884e+001 5.452791e+001 1.501103e+002 9.212145e-002 3.699271e-001 1.662978e-001
<VARIANCE> 9
 1.910533e+000 8.628400e-001 1.935967e+000 4.930308e+002 2.942949e+003 2.680583e+003 2.904095e-003 5.782502e-004 2.281964e-004
<GCONST> 1.810045e+001
<MIXTURE> 2 1.440661e-001
<MEAN> 9
 -9.943684e+000 -7.949598e+000 -1.198429e+000 -6.655824e+000 2.895512e+001 2.245331e+002 2.379986e-001 3.491137e-001 1.616072e-001
<VARIANCE> 9
 1.717232e+000 2.185683e+000 2.310378e+000 6.450043e+002 4.128234e+003 1.745704e+003 6.897937e-003 7.052798e-004 1.938003e-004
<GCONST> 2.017859e+001
<MIXTURE> 3 2.731249e-001
<MEAN> 9
 -1.020853e+001 -8.734776e+000 -5.351686e-001 -2.596132e+001 -4.169577e+001 2.074131e+002 2.187161e-001 3.441853e-001 1.579579e-001
<VARIANCE> 9
 2.463364e+000 1.634429e+000 1.614923e+000 7.685132e+002 3.530393e+003 2.599823e+003 1.094352e-002 9.907621e-004 1.938003e-004
<GCONST> 2.110910e+001
<MIXTURE> 4 2.149164e-001
<MEAN> 9
 -8.258774e+000 -1.027025e+001 2.687442e-001 2.249094e+001 5.416422e+000 1.484008e+002 8.534867e-002 3.688008e-001 1.603541e-001
<VARIANCE> 9
 2.144449e+000 1.104376e+000 1.356024e+000 5.185323e+002 5.744671e+003 2.340374e+003 3.783005e-003 5.782502e-004 1.938003e-004
<GCONST> 1.879129e+001
<MIXTURE> 5 1.440661e-001
<MEAN> 9
 -1.046786e+001 -8.540960e+000 -1.806427e+000 -1.681460e+001 3.254583e+000 2.078205e+002 2.047770e-001 3.384909e-001 1.560388e-001
<VARIANCE> 9
 1.717232e+000 2.185683e+000 2.310378e+000 6.450043e+002 4.128234e+003 1.745704e+003 6.897937e-003 7.052798e-004 1.938003e-004
<GCONST> 2.017859e+001
<STATE> 3
<NUMMIXES> 5
<MIXTURE> 1 1.571056e-001
<MEAN> 9
 -6.703977e+000 1.487722e+000 -1.449596e+000 -1.181666e+002 1.282421e+001 1.464927e+002 5.056627e-001 5.089943e-003 2.665317e-001
<VARIANCE> 9
 1.033229e+000 2.708973e+000 6.210904e+000 1.467659e+003 2.737392e+002 2.393427e+003 4.762525e-004 5.518533e-003 8.766039e-004
<GCONST> 2.019188e+001
<MIXTURE> 2 2.125466e-001
<MEAN> 9
 -8.995914e+000 -2.492818e+000 -1.526861e-001 -8.996022e+001 1.725857e+000 1.730208e+002 4.589483e-001 1.001657e-001 1.985188e-001
<VARIANCE> 9
 9.829940e-001 3.108050e+000 1.507216e+001 8.946887e+002 1.237638e+003 1.028439e+004 3.040722e-003 2.154793e-002 8.391516e-004
<GCONST> 2.681015e+001
<MIXTURE> 3 2.506683e-001
<MEAN> 9
 -7.261751e+000 1.327419e+000 -1.040336e+000 -1.478720e+002 -1.261778e+001 8.605159e+001 4.980378e-001 -5.062884e-002 2.643592e-001
<VARIANCE> 9
 8.506336e-001 3.149410e+000 7.625853e+000 1.171823e+003 1.054932e+003 5.309333e+003 4.762525e-004 9.426394e-003 6.782940e-004
<GCONST> 2.255291e+001
<MIXTURE> 4 2.225740e-001
<MEAN> 9
 -9.182680e+000 -2.789490e+000 2.924641e-001 -9.554440e+001 -1.186972e+001 1.559949e+002 4.499383e-001 9.882724e-002 1.892875e-001
<VARIANCE> 9
 9.782803e-001 4.365454e+000 1.645105e+001 1.415901e+003 1.501131e+003 1.400546e+004 3.413795e-003 2.785785e-002 7.512257e-004
<GCONST> 2.845537e+001
<MIXTURE> 5 1.571056e-001
<MEAN> 9
 -7.110569e+000 8.293638e-001 -2.446464e+000 -1.334906e+002 6.206186e+000 1.269237e+002 4.969334e-001 -2.462479e-002 2.546887e-001
<VARIANCE> 9
 1.033229e+000 2.708973e+000 6.210904e+000 1.467659e+003 2.737392e+002 2.393427e+003 4.762525e-004 5.518533e-003 8.766039e-004
<GCONST> 2.019188e+001
<STATE> 4
<NUMMIXES> 5
<MIXTURE> 1 1.819860e-001
<MEAN> 9
 -7.896575e+000 4.280206e+000 2.846909e+000 2.049291e-001 2.040991e+001 1.626956e+001 5.110019e-001 -1.584665e-001 2.060941e-001
<VARIANCE> 9
 2.706279e+000 1.606367e+000 7.303817e-001 1.513594e+002 7.861061e+002 3.868558e+002 4.762525e-004 5.782502e-004 7.496180e-004
<GCONST> 1.304004e+001
<MIXTURE> 2 1.703278e-001
<MEAN> 9
 -5.973794e+000 4.937103e+000 3.880016e+000 -3.651579e+001 -2.143408e+002 9.675707e+001 4.439549e-001 -2.381962e-001 7.376872e-002
<VARIANCE> 9
 2.322865e+001 1.361901e+000 4.517430e+000 1.656094e+002 1.869914e+004 6.038639e+002 1.729261e-003 2.637412e-003 1.878260e-002
<GCONST> 2.657947e+001
<MIXTURE> 3 2.747166e-001
<MEAN> 9
 -9.446885e+000 2.627688e+000 3.074039e+000 -2.458562e+001 -2.847337e+001 4.267206e+001 5.035062e-001 -1.634229e-001 1.975261e-001
<VARIANCE> 9
 8.914671e+000 3.061611e+000 2.681673e+000 2.463022e+002 4.607433e+003 6.179656e+002 4.762525e-004 7.800840e-004 3.635381e-003
<GCONST> 2.077968e+001
<MIXTURE> 4 1.909835e-001
<MEAN> 9
 -6.614715e+000 5.057379e+000 3.459280e+000 -4.196042e+001 -2.426769e+002 8.975607e+001 4.434084e-001 -2.445076e-001 8.953218e-002
<VARIANCE> 9
 2.255920e+001 1.064216e+000 4.595882e+000 2.014662e+002 2.197823e+004 4.471427e+002 1.255263e-003 2.389992e-003 1.889266e-002
<GCONST> 2.596488e+001
<MIXTURE> 5 1.819860e-001
<MEAN> 9
 -8.554606e+000 3.773236e+000 2.505059e+000 -4.716199e+000 9.194874e+000 8.402100e+000 5.022726e-001 -1.680853e-001 1.951425e-001
<VARIANCE> 9
 2.706279e+000 1.606367e+000 7.303817e-001 1.513594e+002 7.861061e+002 3.868558e+002 4.762525e-004 5.782502e-004 7.496180e-004
<GCONST> 1.304004e+001
<STATE> 5
<NUMMIXES> 5
<MIXTURE> 1 1.395901e-001
<MEAN> 9
 1.277321e+000 5.209467e+000 7.561749e+000 1.094578e+001 -2.262905e+001 1.457505e+001 3.131281e-001 -2.379622e-001 -1.510914e-001
<VARIANCE> 9
 7.804893e+000 9.851461e-001 4.135084e-001 8.286491e+001 1.707693e+003 4.565236e+003 4.359263e-003 7.370053e-003 4.601851e-003
<GCONST> 2.225686e+001
<MIXTURE> 2 2.469007e-001
<MEAN> 9
 -3.526618e+000 3.319972e+000 7.735565e+000 -2.527996e+000 -1.096230e+001 -5.337115e+001 3.455933e-001 -1.453612e-001 -2.097857e-001
<VARIANCE> 9
 7.596303e+000 1.187732e+000 1.268868e+000 1.223337e+002 1.815654e+003 4.896552e+003 1.231996e-003 2.655140e-003 7.124603e-004
<GCONST> 1.990880e+001
<MIXTURE> 3 2.370003e-001
<MEAN> 9
 1.136823e+000 5.056530e+000 7.245879e+000 4.476140e+000 -3.693388e+001 -1.860454e+001 2.912862e-001 -2.658681e-001 -1.648830e-001
<VARIANCE> 9
 7.168518e+000 8.949856e-001 5.364490e-001 1.518220e+002 2.096019e+003 7.911779e+003 4.972724e-003 5.116511e-003 4.503436e-003
<GCONST> 2.344149e+001
<MIXTURE> 4 2.369186e-001
<MEAN> 9
 -3.917505e+000 3.161699e+000 7.651464e+000 -1.275129e+001 -2.971569e+001 -9.593768e+001 3.365799e-001 -1.705101e-001 -2.056879e-001
<VARIANCE> 9
 1.456442e+001 1.648646e+000 1.571589e+000 1.305143e+002 3.152411e+003 5.271318e+003 1.869173e-003 2.889860e-003 7.392155e-004
<GCONST> 2.233024e+001
<MIXTURE> 5 1.395901e-001
<MEAN> 9
 1.598310e-001 4.812449e+000 7.304531e+000 7.304577e+000 -3.915875e+001 -1.245156e+001 2.867183e-001 -2.723018e-001 -1.782262e-001
<VARIANCE> 9
 7.804893e+000 9.851461e-001 4.135084e-001 8.286491e+001 1.707693e+003 4.565236e+003 4.359263e-003 7.370053e-003 4.601851e-003
<GCONST> 2.225686e+001
<STATE> 6
<NUMMIXES> 5
<MIXTURE> 1 1.625350e-001
<MEAN> 9
 -2.721132e+000 7.594637e-001 4.947115e+000 -3.438598e+001 7.182173e+001 -1.117396e+002 4.006812e-001 -2.051686e-002 -1.691376e-001
<VARIANCE> 9
 1.632572e+000 8.898220e-001 3.317071e-001 6.508502e+002 1.292928e+003 2.461304e+003 4.762525e-004 3.283537e-003 9.015264e-004
<GCONST> 1.688239e+001
<MIXTURE> 2 2.263992e-001
<MEAN> 9
 -7.818583e+000 -4.864028e+000 5.716522e+000 -8.007628e+001 9.179177e+001 -2.345630e+002 3.670995e-001 2.027363e-001 -5.317119e-002
<VARIANCE> 9
 2.289179e+000 4.577150e+000 8.261493e-001 2.159555e+002 1.374976e+003 1.210095e+002 2.391833e-003 4.946034e-003 3.173900e-003
<GCONST> 1.899866e+001
<MIXTURE> 3 2.066120e-001
<MEAN> 9
 -3.545378e+000 1.821605e-001 5.458051e+000 -6.227155e+001 5.813456e+001 -1.574278e+002 3.967394e-001 -2.608937e-003 -1.697704e-001
<VARIANCE> 9
 1.679477e+000 1.180907e+000 6.689540e-001 5.750419e+002 9.889418e+002 2.138991e+003 4.762525e-004 4.096549e-003 9.908371e-004
<GCONST> 1.767865e+001
<MIXTURE> 4 2.419188e-001
<MEAN> 9
 -7.922127e+000 -5.858994e+000 6.041817e+000 -8.699952e+001 7.277256e+001 -2.382028e+002 3.376119e-001 2.389973e-001 -4.363218e-002
<VARIANCE> 9
 2.017762e+000 4.497561e+000 5.961362e-001 1.388147e+002 1.151797e+003 1.210095e+002 2.756385e-003 4.741030e-003 2.443458e-003
<GCONST> 1.774754e+001
<MIXTURE> 5 1.625350e-001
<MEAN> 9
 -3.232220e+000 3.821422e-001 4.716739e+000 -4.459068e+001 5.743881e+001 -1.315842e+002 3.919519e-001 -4.343772e-002 -1.811478e-001
<VARIANCE> 9
 1.632572e+000 8.898220e-001 3.317071e-001 6.508502e+002 1.292928e+003 2.461304e+003 4.762525e-004 3.283537e-003 9.015264e-004
<GCONST> 1.688239e+001
<STATE> 7
<NUMMIXES> 5
<MIXTURE> 1 2.454954e-001
<MEAN> 9
 -5.410900e+000 -1.016591e+001 2.204735e+000 -2.927741e+001 1.320253e+002 -4.635405e+001 -6.214125e-003 3.694527e-001 1.749633e-001
<VARIANCE> 9
 2.103287e+000 4.834675e-001 1.116411e+000 4.623911e+002 4.331795e+003 8.593746e+002 9.619909e-004 5.782502e-004 1.938003e-004
<GCONST> 1.498341e+001
<MIXTURE> 2 1.959957e-001
<MEAN> 9
 -8.482239e+000 -1.066131e+001 3.276263e+000 -4.846693e+001 1.037936e+002 -2.098948e+002 1.739300e-001 3.546873e-001 1.154069e-001
<VARIANCE> 9
 2.986783e+000 1.840446e+000 1.197160e+000 7.631847e+002 2.385339e+003 1.009746e+003 8.654867e-003 5.782502e-004 1.281807e-003
<GCONST> 2.089248e+001
<MIXTURE> 3 1.480022e-001
<MEAN> 9
 -7.329242e+000 -1.109509e+001 3.705731e+000 -5.888222e+001 1.242160e+002 -2.070000e+002 1.537720e-001 3.692689e-001 1.133521e-001
<VARIANCE> 9
 2.311954e+000 1.676090e+000 1.676433e+000 6.319965e+002 2.744148e+003 8.181803e+002 5.985865e-003 5.782502e-004 1.316891e-003
<GCONST> 2.027897e+001
<MIXTURE> 4 2.625044e-001
<MEAN> 9
 -6.273320e+000 -1.090297e+001 1.595309e+000 -4.128902e+001 8.810474e+001 -8.242952e+001 -1.508047e-003 3.671713e-001 1.684099e-001
<VARIANCE> 9
 1.984522e+000 6.585592e-001 9.479374e-001 4.308333e+002 3.141313e+003 2.036977e+003 2.042292e-003 5.782502e-004 1.938003e-004
<GCONST> 1.629457e+001
<MIXTURE> 5 1.480022e-001
<MEAN> 9
 -7.937447e+000 -1.161295e+001 3.187823e+000 -6.893803e+001 1.032622e+002 -2.184416e+002 1.228246e-001 3.596501e-001 9.883650e-002
<VARIANCE> 9
 2.311954e+000 1.676090e+000 1.676433e+000 6.319965e+002 2.744148e+003 8.181803e+002 5.985865e-003 5.782502e-004 1.316891e-003
<GCONST> 2.027897e+001
<TRANSP> 8
 0.000000e+000 1.000000e+000 0.000000e+000 0.000000e+000 0.000000e+000 0.000000e+000 0.000000e+000 0.000000e+000
 0.000000e+000 9.211937e-001 7.880631e-002 0.000000e+000 0.000000e+000 0.000000e+000 0.000000e+000 0.000000e+000
 0.000000e+000 0.000000e+000 9.511668e-001 4.883321e-002 0.000000e+000 0.000000e+000 0.000000e+000 0.000000e+000
 0.000000e+000 0.000000e+000 0.000000e+000 9.509487e-001 4.905127e-002 0.000000e+000 0.000000e+000 0.000000e+000
 0.000000e+000 0.000000e+000 0.000000e+000 0.000000e+000 9.738498e-001 2.615021e-002 0.000000e+000 0.000000e+000
 0.000000e+000 0.000000e+000 0.000000e+000 0.000000e+000 0.000000e+000 9.408008e-001 5.919923e-002 0.000000e+000
 0.000000e+000 0.000000e+000 0.000000e+000 0.000000e+000 0.000000e+000 0.000000e+000 9.398834e-001 6.011661e-002
 0.000000e+000 0.000000e+000 0.000000e+000 0.000000e+000 0.000000e+000 0.000000e+000 0.000000e+000 0.000000e+000
<ENDHMM>
~h "GM"
<BEGINHMM>
<NUMSTATES> 8
<STATE> 2
<NUMMIXES> 5
<MIXTURE> 1 1.333440e-001
<MEAN> 9
 -9.731452e+000 -8.613445e+000 3.314047e-001 2.170393e+000 1.753710e+001 2.548898e+002 2.529905e-001 3.481196e-001 2.158599e-001
<VARIANCE> 9
 4.418771e+000 7.625031e+000 4.526679e+000 7.892569e+002 3.864044e+003 4.242269e+003 1.144765e-002 1.729143e-003 1.938003e-004
<GCONST> 2.547281e+001
<MIXTURE> 2 2.380539e-001
<MEAN> 9
 -8.570679e+000 -9.393472e+000 -4.316419e-004 -1.838831e+001 -3.715168e+001 1.582590e+002 1.555431e-001 3.548051e-001 2.008591e-001
<VARIANCE> 9
 2.267107e+000 4.585618e+000 1.826800e+000 3.734260e+002 4.303159e+003 3.132796e+003 1.354469e-002 1.444472e-003 3.740674e-004
<GCONST> 2.309155e+001
<MIXTURE> 3 2.601319e-001
<MEAN> 9
 -9.206616e+000 -7.584714e+000 -5.031460e-001 -4.145346e+001 -6.093623e+001 1.676621e+002 2.602796e-001 3.174567e-001 1.914825e-001
<VARIANCE> 9
 1.354189e+000 5.963410e+000 8.831414e-001 6.219854e+002 2.679863e+003 1.166335e+003 1.746197e-002 3.386810e-003 2.356098e-004
<GCONST> 2.180460e+001
<MIXTURE> 4 2.351263e-001
<MEAN> 9
 -9.791098e+000 -9.064487e+000 -5.226868e-001 -1.281221e+001 -1.121192e+001 2.072917e+002 2.004634e-001 3.447607e-001 2.068471e-001
<VARIANCE> 9
 3.565151e+000 7.509878e+000 3.960745e+000 5.809364e+002 4.290209e+003 4.101639e+003 1.292765e-002 1.593508e-003 2.392638e-004
<GCONST> 2.512447e+001
<MIXTURE> 5 1.333440e-001
<MEAN> 9
 -1.057229e+001 -9.717983e+000 -5.196351e-001 -9.067093e+000 -7.327477e+000 2.288368e+002 2.101931e-001 3.314864e-001 2.102915e-001
<VARIANCE> 9
 4.418771e+000 7.625031e+000 4.526679e+000 7.892569e+002 3.864044e+003 4.242269e+003 1.144765e-002 1.729143e-003 1.938003e-004
<GCONST> 2.547281e+001
<STATE> 3
<NUMMIXES> 5
<MIXTURE> 1 2.925339e-001
<MEAN> 9
 -6.089822e+000 2.358385e-001 1.387729e+000 -6.840271e+001 -2.570856e+001 1.164013e+002 5.166267e-001 -9.884268e-003 2.162275e-001
<VARIANCE> 9
 1.701046e+000 9.870331e-001 1.381516e+000 5.376453e+002 4.428667e+002 4.133013e+003 4.762525e-004 3.918329e-003 1.113851e-003
<GCONST> 1.809791e+001
<MIXTURE> 2 1.956224e-001
<MEAN> 9
 -7.663992e+000 -3.578988e-001 -1.054315e+000 -9.432893e+001 -1.493096e+001 1.795119e+002 4.860957e-001 7.605986e-002 2.223796e-001
<VARIANCE> 9
 5.695062e-001 5.826778e+000 4.151586e+000 1.376445e+003 5.448706e+002 6.449918e+003 8.932452e-004 1.115861e-002 9.277525e-004
<GCONST> 2.296455e+001
<MIXTURE> 3 1.528152e-001
<MEAN> 9
 -6.983698e+000 1.463808e+000 1.976210e+000 -9.337047e+001 -7.129857e+000 8.413398e+001 5.213647e-001 -3.566585e-002 2.064183e-001
<VARIANCE> 9
 5.189793e-001 1.447327e+000 4.620275e+000 1.375049e+003 2.919045e+002 2.368628e+003 4.762525e-004 5.154941e-003 1.054979e-003
<GCONST> 1.868632e+001
<MIXTURE> 4 2.062131e-001
<MEAN> 9
 -7.943582e+000 -4.420186e-001 -1.697921e+000 -9.545393e+001 -2.671172e+001 1.731086e+002 4.761015e-001 8.823890e-002 2.147131e-001
<VARIANCE> 9
 6.871333e-001 4.671646e+000 6.104048e+000 1.098309e+003 7.883374e+002 4.908859e+003 1.140615e-003 1.314708e-002 9.514515e-004
<GCONST> 2.362111e+001
<MIXTURE> 5 1.528152e-001
<MEAN> 9
 -7.271860e+000 9.825882e-001 1.116418e+000 -1.082031e+002 -1.396394e+001 6.466656e+001 5.126354e-001 -6.438503e-002 1.934261e-001
<VARIANCE> 9
 5.189793e-001 1.447327e+000 4.620275e+000 1.375049e+003 2.919045e+002 2.368628e+003 4.762525e-004 5.154941e-003 1.054979e-003
<GCONST> 1.868632e+001
<STATE> 4
<NUMMIXES> 5
<MIXTURE> 1 2.358915e-001
<MEAN> 9
 -8.419935e+000 4.751539e+000 1.127985e+000 1.630352e+000 2.901723e+001 5.280470e+001 5.039161e-001 -1.581504e-001 2.423741e-001
<VARIANCE> 9
 1.646148e+000 9.179476e-001 1.869779e+000 4.555565e+002 4.570462e+002 4.727949e+002 4.762525e-004 9.167802e-004 5.896555e-004
<GCONST> 1.390432e+001
<MIXTURE> 2 2.424092e-001
<MEAN> 9
 -9.295664e+000 2.805380e+000 3.190099e+000 6.124253e+000 1.813062e+001 2.267211e+001 5.204657e-001 -1.064024e-001 2.080003e-001
<VARIANCE> 9
 5.275749e-001 1.656031e+000 1.177832e+000 2.229249e+002 1.972631e+002 1.737257e+002 4.762525e-004 1.356186e-003 2.985816e-004
<GCONST> 1.004927e+001
<MIXTURE> 3 1.453898e-001
<MEAN> 9
 -8.684913e+000 1.928282e+000 4.158981e+000 -8.985510e+000 1.179445e+001 1.423223e+001 5.241828e-001 -1.066977e-001 1.985372e-001
<VARIANCE> 9
 5.925190e-001 2.145811e+000 1.609347e+000 7.278934e+002 1.931265e+002 1.516745e+002 4.762525e-004 1.955274e-003 3.473526e-004
<GCONST> 1.228015e+001
<MIXTURE> 4 2.309193e-001
<MEAN> 9
 -8.642779e+000 4.735373e+000 9.643983e-001 -7.387360e+000 2.504134e+001 4.755460e+001 5.020524e-001 -1.648502e-001 2.379410e-001
<VARIANCE> 9
 1.747844e+000 9.522747e-001 1.766841e+000 8.313799e+002 2.822897e+002 3.039746e+002 4.762525e-004 1.202491e-003 6.599969e-004
<GCONST> 1.400634e+001
<MIXTURE> 5 1.453898e-001
<MEAN> 9
 -8.992814e+000 1.342338e+000 3.651541e+000 -1.977731e+001 6.235649e+000 9.305985e+000 5.154535e-001 -1.243851e-001 1.910822e-001
<VARIANCE> 9
 5.925190e-001 2.145811e+000 1.609347e+000 7.278934e+002 1.931265e+002 1.516745e+002 4.762525e-004 1.955274e-003 3.473526e-004
<GCONST> 1.228015e+001
<STATE> 5
<NUMMIXES> 5
<MIXTURE> 1 2.541922e-001
<MEAN> 9
 -6.953300e+000 5.715433e+000 2.790888e+000 -2.695150e+001 1.147931e+001 1.281169e+001 4.668391e-001 -2.443234e-001 2.485736e-001
<VARIANCE> 9
 7.614691e+000 4.147455e+000 2.163359e+001 3.701659e+003 2.062144e+003 5.155082e+002 4.762525e-004 5.782502e-004 1.646014e-003
<GCONST> 2.364644e+001
<MIXTURE> 2 2.243135e-001
<MEAN> 9
 -8.159818e+000 4.378207e+000 2.797940e+000 -2.801996e+001 5.825879e+000 1.495710e+000 4.499890e-001 -2.725143e-001 2.357317e-001
<VARIANCE> 9
 2.054895e+000 6.007296e+000 9.496040e+000 3.738193e+003 9.186595e+002 2.396972e+002 4.762525e-004 5.782502e-004 3.714676e-003
<GCONST> 2.113309e+001
<MIXTURE> 3 1.367854e-001
<MEAN> 9
 -8.091522e+000 2.596867e+000 6.417612e+000 -1.601121e+000 3.851550e+000 3.456743e+000 4.466763e-001 -2.898055e-001 1.935869e-001
<VARIANCE> 9
 2.688513e+000 7.107394e+000 1.921776e+001 6.232967e+003 1.370556e+003 2.959400e+002 4.762525e-004 5.782502e-004 2.482484e-003
<GCONST> 2.299403e+001
<MIXTURE> 4 2.479245e-001
<MEAN> 9
 -7.756757e+000 4.635907e+000 2.591267e+000 -4.279911e+001 1.075342e+001 4.611684e+000 4.638717e-001 -2.532881e-001 2.371263e-001
<VARIANCE> 9
 5.915295e+000 4.655107e+000 2.089378e+001 3.294278e+003 1.316800e+003 3.315511e+002 4.762525e-004 5.782502e-004 1.591424e-003
<GCONST> 2.243435e+001
<MIXTURE> 5 1.367854e-001
<MEAN> 9
 -8.747389e+000 1.530479e+000 4.664089e+000 -3.318078e+001 -1.095686e+001 -3.424419e+000 4.379471e-001 -2.994243e-001 1.736571e-001
<VARIANCE> 9
 2.688513e+000 7.107394e+000 1.921776e+001 6.232967e+003 1.370556e+003 2.959400e+002 4.762525e-004 5.782502e-004 2.482484e-003
<GCONST> 2.299403e+001
<STATE> 6
<NUMMIXES> 5
<MIXTURE> 1 1.725398e-001
<MEAN> 9
 -6.621919e+000 6.891891e-001 1.756202e+000 1.672518e+002 -6.499359e+001 -1.113430e+002 4.995504e-001 -1.734877e-001 1.836093e-001
<VARIANCE> 9
 6.446761e-001 3.371764e-001 3.006818e+000 4.755044e+002 9.878276e+002 2.885467e+003 5.430788e-004 5.274968e-003 6.094678e-004
<GCONST> 1.697698e+001
<MIXTURE> 2 1.742227e-001
<MEAN> 9
 -7.754357e+000 -4.121248e-001 -9.596419e-002 1.150174e+002 -5.819068e+001 -2.455967e+002 5.030984e-001 2.387525e-002 9.254210e-002
<VARIANCE> 9
 3.792283e+000 2.467417e+000 1.921999e+000 1.320972e+003 2.967022e+003 1.814111e+003 4.904861e-004 9.412944e-003 3.891114e-003
<GCONST> 2.428034e+001
<MIXTURE> 3 2.914081e-001
<MEAN> 9
 -7.280413e+000 6.857749e-001 3.049140e+000 1.479521e+002 -7.782162e+001 -8.835609e+001 4.777724e-001 -2.317183e-001 1.570192e-001
<VARIANCE> 9
 1.153565e+000 4.565336e-001 6.150953e+000 6.723790e+002 1.222388e+003 2.979445e+003 5.826005e-004 4.210465e-003 9.910133e-004
<GCONST> 1.950017e+001
<MIXTURE> 4 1.892892e-001
<MEAN> 9
 -8.654597e+000 -1.467883e+000 2.352478e-001 7.779851e+001 -4.872955e+001 -2.737011e+002 4.827545e-001 8.164764e-002 5.713531e-002
<VARIANCE> 9
 2.702136e+000 2.485698e+000 2.852782e+000 1.683424e+003 2.038190e+003 1.527273e+003 7.726745e-004 7.785423e-003 4.452221e-003
<GCONST> 2.443792e+001
<MIXTURE> 5 1.725398e-001
<MEAN> 9
 -6.943086e+000 4.569215e-001 1.062594e+000 1.585294e+002 -7.756548e+001 -1.328296e+002 4.902288e-001 -2.025393e-001 1.737343e-001
<VARIANCE> 9
 6.446761e-001 3.371764e-001 3.006818e+000 4.755044e+002 9.878276e+002 2.885467e+003 5.430788e-004 5.274968e-003 6.094678e-004
<GCONST> 1.697698e+001
<STATE> 7
<NUMMIXES> 5
<MIXTURE> 1 2.598148e-001
<MEAN> 9
 -6.557941e+000 -1.043889e+001 2.871490e+000 -2.859689e+001 1.215199e+002 -6.671973e+001 8.754030e-003 3.697146e-001 1.578824e-001
<VARIANCE> 9
 7.797857e+000 1.378923e+000 1.553240e+000 5.494261e+002 7.070360e+003 3.673199e+003 1.489146e-003 5.782502e-004 4.868309e-004
<GCONST> 2.114510e+001
<MIXTURE> 2 1.616752e-001
<MEAN> 9
 -1.004758e+001 -8.356060e+000 1.783666e+000 4.345465e+000 3.916826e+001 -2.645757e+002 2.725949e-001 3.189974e-001 7.598770e-002
<VARIANCE> 9
 1.061811e+000 6.544054e+000 7.000486e-001 1.815980e+003 2.233955e+003 5.980512e+002 9.046257e-003 3.085756e-003 1.521101e-003
<GCONST> 2.275772e+001
<MIXTURE> 3 2.785684e-001
<MEAN> 9
 -1.067147e+001 -7.749465e+000 1.251390e+000 -1.029493e+000 5.171264e+001 -2.767644e+002 2.982564e-001 3.037880e-001 7.046134e-002
<VARIANCE> 9
 2.376803e+000 6.495301e+000 1.628263e+000 1.039417e+003 2.758099e+003 7.445790e+002 8.285686e-003 3.434962e-003 1.869202e-003
<GCONST> 2.449756e+001
<MIXTURE> 4 1.499707e-001
<MEAN> 9
 -7.177598e+000 -1.099325e+001 2.218570e+000 -3.997123e+001 8.822261e+001 -1.142883e+002 5.304668e-002 3.766772e-001 1.483349e-001
<VARIANCE> 9
 2.298500e+000 1.529272e+000 7.324980e-001 2.765247e+002 3.344259e+003 5.128229e+003 2.403529e-003 5.782502e-004 6.264503e-004
<GCONST> 1.890471e+001
<MIXTURE> 5 1.499707e-001
<MEAN> 9
 -7.784030e+000 -1.148791e+001 1.876226e+000 -4.662284e+001 6.509077e+001 -1.429329e+002 3.343636e-002 3.670584e-001 1.383233e-001
<VARIANCE> 9
 2.298500e+000 1.529272e+000 7.324980e-001 2.765247e+002 3.344259e+003 5.128229e+003 2.403529e-003 5.782502e-004 6.264503e-004
<GCONST> 1.890471e+001
<TRANSP> 8
 0.000000e+000 1.000000e+000 0.000000e+000 0.000000e+000 0.000000e+000 0.000000e+000 0.000000e+000 0.000000e+000
 0.000000e+000 9.318334e-001 6.816658e-002 0.000000e+000 0.000000e+000 0.000000e+000 0.000000e+000 0.000000e+000
 0.000000e+000 0.000000e+000 9.401527e-001 5.984727e-002 0.000000e+000 0.000000e+000 0.000000e+000 0.000000e+000
 0.000000e+000 0.000000e+000 0.000000e+000 9.547142e-001 4.528577e-002 0.000000e+000 0.000000e+000 0.000000e+000
 0.000000e+000 0.000000e+000 0.000000e+000 0.000000e+000 9.816794e-001 1.832065e-002 0.000000e+000 0.000000e+000
 0.000000e+000 0.000000e+000 0.000000e+000 0.000000e+000 0.000000e+000 9.496685e-001 5.033150e-002 0.000000e+000
 0.000000e+000 0.000000e+000 0.000000e+000 0.000000e+000 0.000000e+000 0.000000e+000 9.528828e-001 4.711717e-002
 0.000000e+000 0.000000e+000 0.000000e+000 0.000000e+000 0.000000e+000 0.000000e+000 0.000000e+000 0.000000e+000
<ENDHMM>
~h "GN"
<BEGINHMM>
<NUMSTATES> 8
<STATE> 2
<NUMMIXES> 5
<MIXTURE> 1 1.601380e-001
<MEAN> 9
 -7.898072e+000 -1.094970e+001 1.438500e+000 3.512771e+001 4.171408e+001 1.798942e+002 8.113680e-002 3.779930e-001 1.866745e-001
<VARIANCE> 9
 2.918709e+000 1.680923e+000 3.571186e+000 3.244631e+002 7.136853e+003 3.703019e+003 3.931116e-003 5.782502e-004 3.847091e-004
<GCONST> 2.141902e+001
<MIXTURE> 2 2.143519e-001
<MEAN> 9
 -1.020422e+001 -6.776550e+000 -3.111531e+000 -3.314968e+001 3.658451e+001 2.540267e+002 2.865108e-001 3.226085e-001 1.873350e-001
<VARIANCE> 9
 2.525703e+000 4.041626e+000 1.947677e+000 9.703867e+002 1.102166e+003 9.704396e+002 5.347877e-003 1.503476e-003 5.075594e-004
<GCONST> 2.097425e+001
<MIXTURE> 3 2.443889e-001
<MEAN> 9
 -8.252427e+000 -1.109016e+001 8.557600e-001 2.354046e+001 4.849434e-002 1.646168e+002 6.775744e-002 3.712700e-001 1.849145e-001
<VARIANCE> 9
 3.668351e+000 2.003080e+000 4.293415e+000 3.421085e+002 7.426563e+003 4.112704e+003 6.023392e-003 5.782502e-004 3.994870e-004
<GCONST> 2.266925e+001
<MIXTURE> 4 2.209833e-001
<MEAN> 9
 -1.021055e+001 -6.712466e+000 -3.232415e+000 -3.389670e+001 3.785987e+001 2.547853e+002 2.856981e-001 3.201391e-001 1.830065e-001
<VARIANCE> 9
 2.469134e+000 3.736135e+000 1.718872e+000 9.001819e+002 1.127013e+003 1.082155e+003 5.140152e-003 1.393639e-003 5.117524e-004
<GCONST> 2.069694e+001
<MIXTURE> 5 1.601380e-001
<MEAN> 9
 -8.581441e+000 -1.146830e+001 6.825963e-001 2.792257e+001 7.922121e+000 1.555532e+002 5.605736e-002 3.683742e-001 1.788289e-001
<VARIANCE> 9
 2.918709e+000 1.680923e+000 3.571186e+000 3.244631e+002 7.136853e+003 3.703019e+003 3.931116e-003 5.782502e-004 3.847091e-004
<GCONST> 2.141902e+001
<STATE> 3
<NUMMIXES> 5
<MIXTURE> 1 2.093814e-001
<MEAN> 9
 -9.091938e+000 -2.977749e-001 -1.815922e+000 -8.335342e+001 -9.728095e+000 1.554143e+002 4.800692e-001 8.430127e-002 2.416004e-001
<VARIANCE> 9
 9.639588e+000 4.888293e+000 1.994612e+001 9.862944e+003 8.780825e+002 5.586759e+003 1.680796e-003 1.057538e-002 1.049633e-003
<GCONST> 3.019205e+001
<MIXTURE> 2 1.554362e-001
<MEAN> 9
 -8.980373e+000 2.138602e-001 5.704119e+000 -7.297462e+000 -1.959084e+001 5.653757e+001 5.235616e-001 -3.314687e-002 2.144262e-001
<VARIANCE> 9
 1.527912e+001 1.090279e+001 1.873084e+001 1.372399e+004 1.904621e+003 2.465006e+003 4.762525e-004 2.403971e-003 5.645283e-003
<GCONST> 3.061833e+001
<MIXTURE> 3 1.725893e-001
<MEAN> 9
 -8.838998e+000 -9.434702e-001 -1.760898e+000 -9.476111e+001 -1.530172e+001 1.627237e+002 4.740719e-001 9.594107e-002 2.420719e-001
<VARIANCE> 9
 8.785809e+000 6.018786e+000 1.935180e+001 8.936629e+003 1.181802e+003 6.557990e+003 1.975712e-003 1.187009e-002 1.451025e-003
<GCONST> 3.123681e+001
<MIXTURE> 4 3.071570e-001
<MEAN> 9
 -8.927823e+000 -1.556535e+000 5.301672e+000 -9.223146e+001 -4.618493e+001 2.932040e+001 5.160173e-001 -5.226365e-002 1.934718e-001
<VARIANCE> 9
 1.066346e+001 1.188250e+001 1.901862e+001 1.355622e+004 1.784565e+003 1.844905e+003 4.762525e-004 2.049862e-003 6.262779e-003
<GCONST> 2.993724e+001
<MIXTURE> 5 1.554362e-001
<MEAN> 9
 -1.054391e+001 -1.106915e+000 3.972953e+000 -5.415724e+001 -3.704762e+001 3.667803e+001 5.148323e-001 -5.275899e-002 1.843722e-001
<VARIANCE> 9
 1.527912e+001 1.090279e+001 1.873084e+001 1.372399e+004 1.904621e+003 2.465006e+003 4.762525e-004 2.403971e-003 5.645283e-003
<GCONST> 3.061833e+001
<STATE> 4
<NUMMIXES> 5
<MIXTURE> 1 1.324587e-001
<MEAN> 9
 -6.065262e+000 4.850914e+000 3.867051e-001 1.054585e+002 4.909251e+000 1.122118e+002 4.981456e-001 -1.808371e-001 1.657490e-001
<VARIANCE> 9
 5.965009e+000 5.675856e-001 2.015702e+000 4.510647e+002 3.759596e+003 7.599482e+002 5.668594e-004 2.883554e-003 1.131883e-003
<GCONST> 1.933033e+001
<MIXTURE> 2 2.535943e-001
<MEAN> 9
 -1.701556e+000 5.574433e+000 -8.295855e-001 7.605657e+000 -2.818024e+001 2.512662e+001 4.327525e-001 -2.974099e-001 1.871733e-001
<VARIANCE> 9
 1.513038e+000 1.537179e+000 1.204654e+000 1.301505e+003 8.214856e+002 3.584915e+003 4.762525e-004 5.782502e-004 1.770924e-003
<GCONST> 1.819671e+001
<MIXTURE> 3 2.614061e-001
<MEAN> 9
 -1.717672e+000 5.016245e+000 6.569084e-001 -6.171423e+001 -7.895924e+001 -1.010428e+002 4.531982e-001 -2.639283e-001 1.254436e-001
<VARIANCE> 9
 1.208980e+000 8.571370e-001 1.556723e+000 1.359109e+003 1.148763e+003 4.167815e+003 5.791420e-004 1.675266e-003 1.859278e-003
<GCONST> 1.948195e+001
<MIXTURE> 4 2.200822e-001
<MEAN> 9
 -5.057057e+000 4.582891e+000 -5.381461e-001 8.977848e+001 -2.322444e+001 1.024753e+002 4.853310e-001 -2.146962e-001 1.557448e-001
<VARIANCE> 9
 7.034148e+000 9.678763e-001 1.607625e+000 6.581189e+002 2.390765e+003 1.095849e+003 7.382369e-004 3.179735e-003 1.029056e-003
<GCONST> 2.036050e+001
<MIXTURE> 5 1.324587e-001
<MEAN> 9
 -7.042196e+000 4.549560e+000 -1.811965e-001 9.696314e+001 -1.961697e+001 1.011850e+002 4.886220e-001 -2.023165e-001 1.522916e-001
<VARIANCE> 9
 5.965009e+000 5.675856e-001 2.015702e+000 4.510647e+002 3.759596e+003 7.599482e+002 5.668594e-004 2.883554e-003 1.131883e-003
<GCONST> 1.933033e+001
<STATE> 5
<NUMMIXES> 5
<MIXTURE> 1 1.872997e-001
<MEAN> 9
 -5.122372e+000 2.303098e-001 3.836378e+000 2.028651e+001 2.941406e+001 -2.584476e+001 4.861404e-001 7.852518e-002 1.448337e-002
<VARIANCE> 9
 5.134189e+000 1.688565e+000 4.187571e+000 2.634783e+002 5.916599e+002 3.380117e+003 4.762525e-004 4.663909e-003 5.534540e-004
<GCONST> 1.969859e+001
<MIXTURE> 2 1.488201e-001
<MEAN> 9
 -9.415059e+000 2.220442e+000 7.619293e+000 -8.278010e+001 -3.752530e+001 -1.440582e+002 4.867922e-001 -3.491261e-002 3.803939e-003
<VARIANCE> 9
 8.660044e+000 6.656241e+000 6.107176e+000 2.803513e+003 1.585316e+003 4.505411e+003 4.762525e-004 9.883531e-003 3.959994e-004
<GCONST> 2.602428e+001
<MIXTURE> 3 2.976268e-001
<MEAN> 9
 -6.719540e+000 -7.976420e-001 4.352059e+000 1.238748e+001 2.665921e+001 -3.963068e+001 4.690567e-001 1.054309e-001 5.633385e-003
<VARIANCE> 9
 6.832879e+000 2.150816e+000 7.404470e+000 6.231092e+002 5.731450e+002 4.307645e+003 4.762525e-004 3.849443e-003 5.527594e-004
<GCONST> 2.167461e+001
<MIXTURE> 4 1.789539e-001
<MEAN> 9
 -8.613141e+000 8.616130e-001 7.792588e+000 -1.253503e+002 -6.061292e+001 -1.852465e+002 4.831247e-001 -1.579373e-002 -1.446158e-003
<VARIANCE> 9
 1.055678e+001 8.745959e+000 9.159056e+000 2.960627e+003 1.258864e+003 3.730199e+003 4.762525e-004 1.208926e-002 5.696579e-004
<GCONST> 2.710086e+001
<MIXTURE> 5 1.872997e-001
<MEAN> 9
 -6.028722e+000 -2.894695e-001 3.017836e+000 1.379371e+001 1.968444e+001 -4.910027e+001 4.774112e-001 5.120805e-002 5.073124e-003
<VARIANCE> 9
 5.134189e+000 1.688565e+000 4.187571e+000 2.634783e+002 5.916599e+002 3.380117e+003 4.762525e-004 4.663909e-003 5.534540e-004
<GCONST> 1.969859e+001
<STATE> 6
<NUMMIXES> 5
<MIXTURE> 1 2.098744e-001
<MEAN> 9
 -9.083210e+000 -8.892956e+000 3.278921e+000 -1.963043e+001 5.465749e+001 -1.655945e+002 2.588505e-001 3.327995e-001 1.531331e-001
<VARIANCE> 9
 1.611638e+000 6.334030e+000 8.939530e-001 1.112359e+003 6.915976e+002 6.413116e+002 6.944672e-003 2.304367e-003 1.152423e-003
<GCONST> 2.096012e+001
<MIXTURE> 2 2.375692e-001
<MEAN> 9
 -9.072072e+000 -5.686679e+000 2.756402e+000 -1.724845e+001 5.549000e+001 -1.792005e+002 3.713330e-001 2.686320e-001 1.082795e-001
<VARIANCE> 9
 1.719556e+000 5.363787e+000 1.215339e+000 1.251945e+003 1.532211e+003 8.749755e+002 3.803332e-003 2.855831e-003 6.449915e-004
<GCONST> 2.142223e+001
<MIXTURE> 3 1.522927e-001
<MEAN> 9
 -8.871589e+000 -4.611732e+000 2.829568e+000 -3.258564e+001 2.327817e+001 -1.948217e+002 4.042713e-001 2.529062e-001 9.775522e-002
<VARIANCE> 9
 1.021747e+000 3.776600e+000 1.894074e+000 6.709728e+002 1.045677e+003 7.982894e+002 2.488861e-003 2.842287e-003 4.263906e-004
<GCONST> 1.905435e+001
<MIXTURE> 4 2.479710e-001
<MEAN> 9
 -9.745029e+000 -9.537270e+000 3.140452e+000 -2.538868e+001 5.451947e+001 -1.827393e+002 2.483021e-001 3.425086e-001 1.534240e-001
<VARIANCE> 9
 1.288600e+000 3.234855e+000 5.567379e-001 1.115189e+003 5.615732e+002 8.774748e+002 3.787161e-003 9.411320e-004 5.457084e-004
<GCONST> 1.744935e+001
<MIXTURE> 5 1.522927e-001
<MEAN> 9
 -9.275914e+000 -5.389071e+000 2.279066e+000 -4.294690e+001 1.034339e+001 -2.061233e+002 3.843159e-001 2.315810e-001 8.949554e-002
<VARIANCE> 9
 1.021747e+000 3.776600e+000 1.894074e+000 6.709728e+002 1.045677e+003 7.982894e+002 2.488861e-003 2.842287e-003 4.263906e-004
<GCONST> 1.905435e+001
<STATE> 7
<NUMMIXES> 5
<MIXTURE> 1 1.725768e-001
<MEAN> 9
 -5.258268e+000 -1.013231e+001 3.431185e+000 1.568942e+001 1.305342e+002 -5.307593e+001 5.726016e-002 3.763477e-001 2.096864e-001
<VARIANCE> 9
 6.845643e+000 4.333578e-001 3.691431e+000 2.151823e+002 5.565031e+003 3.047545e+002 2.017000e-003 5.782502e-004 2.354722e-004
<GCONST> 1.663402e+001
<MIXTURE> 2 3.001496e-001
<MEAN> 9
 -5.062597e+000 -1.091076e+001 2.937063e+000 -1.429832e+001 6.606516e+001 -6.301766e+001 1.899175e-002 3.649454e-001 2.006619e-001
<VARIANCE> 9
 2.102020e+000 5.191805e-001 1.632901e+000 1.436498e+002 2.496563e+002 1.556066e+003 5.890440e-003 5.782502e-004 1.938003e-004
<GCONST> 1.381741e+001
<MIXTURE> 3 1.965535e-001
<MEAN> 9
 -6.266122e+000 -1.133797e+001 2.174892e+000 -1.535248e+001 7.756387e+001 -1.172954e+002 7.329503e-002 3.809547e-001 1.868473e-001
<VARIANCE> 9
 1.128926e+000 5.856690e-001 3.938938e-001 3.917318e+001 3.801421e+002 2.127617e+003 2.930755e-003 5.782502e-004 1.938003e-004
<GCONST> 1.063010e+001
<MIXTURE> 4 1.341667e-001
<MEAN> 9
 -5.657876e+000 -1.014426e+001 2.877130e+000 1.247603e+001 1.207465e+002 -4.895453e+001 3.960361e-002 3.702374e-001 2.045774e-001
<VARIANCE> 9
 4.904298e+000 5.676493e-001 2.061989e+000 3.671953e+002 6.001808e+003 3.755145e+002 2.764754e-003 5.782502e-004 2.441191e-004
<GCONST> 1.715827e+001
<MIXTURE> 5 1.965535e-001
<MEAN> 9
 -6.691126e+000 -1.164409e+001 1.923848e+000 -1.785602e+001 6.976498e+001 -1.357458e+002 5.164045e-002 3.713359e-001 1.812789e-001
<VARIANCE> 9
 1.128926e+000 5.856690e-001 3.938938e-001 3.917318e+001 3.801421e+002 2.127617e+003 2.930755e-003 5.782502e-004 1.938003e-004
<GCONST> 1.063010e+001
<TRANSP> 8
 0.000000e+000 1.000000e+000 0.000000e+000 0.000000e+000 0.000000e+000 0.000000e+000 0.000000e+000 0.000000e+000
 0.000000e+000 9.279264e-001 7.207357e-002 0.000000e+000 0.000000e+000 0.000000e+000 0.000000e+000 0.000000e+000
 0.000000e+000 0.000000e+000 9.638624e-001 3.613763e-002 0.000000e+000 0.000000e+000 0.000000e+000 0.000000e+000
 0.000000e+000 0.000000e+000 0.000000e+000 9.537009e-001 4.629910e-002 0.000000e+000 0.000000e+000 0.000000e+000
 0.000000e+000 0.000000e+000 0.000000e+000 0.000000e+000 9.643593e-001 3.564066e-002 0.000000e+000 0.000000e+000
 0.000000e+000 0.000000e+000 0.000000e+000 0.000000e+000 0.000000e+000 9.249987e-001 7.500132e-002 0.000000e+000
 0.000000e+000 0.000000e+000 0.000000e+000 0.000000e+000 0.000000e+000 0.000000e+000 9.262385e-001 7.376148e-002
 0.000000e+000 0.000000e+000 0.000000e+000 0.000000e+000 0.000000e+000 0.000000e+000 0.000000e+000 0.000000e+000
<ENDHMM>
~h "HE"
<BEGINHMM>
<NUMSTATES> 8
<STATE> 2
<NUMMIXES> 5
<MIXTURE> 1 2.408572e-001
<MEAN> 9
 -1.030223e+001 -1.114033e+001 5.547485e+000 1.303382e+002 7.512279e+001 1.645202e+002 1.306101e-001 3.502049e-001 9.746131e-002
<VARIANCE> 9
 7.803036e+000 4.533314e+000 6.472780e+000 3.677094e+003 4.664085e+003 4.314352e+003 8.126935e-003 8.268557e-004 4.261267e-003
<GCONST> 2.963305e+001
<MIXTURE> 2 2.162730e-001
<MEAN> 9
 -1.214795e+001 -6.270725e+000 1.113430e+000 1.606082e+002 -6.011219e-001 2.415025e+002 3.682050e-001 1.637551e-001 -6.207456e-002
<VARIANCE> 9
 3.010516e+000 1.675901e+001 4.425625e+000 3.338118e+003 8.618849e+002 3.092525e+003 1.986482e-003 8.713165e-003 2.491543e-003
<GCONST> 2.789922e+001
<MIXTURE> 3 1.599279e-001
<MEAN> 9
 -1.018228e+001 -3.374495e+000 -1.472096e+000 8.516025e+001 -7.256314e+001 2.829848e+002 4.075690e-001 -1.955471e-002 -1.134921e-001
<VARIANCE> 9
 2.318787e+000 1.419976e+001 1.477939e+000 2.552335e+003 3.733948e+003 4.145791e+003 1.207050e-003 1.303486e-002 2.030482e-003
<GCONST> 2.756646e+001
<MIXTURE> 4 2.230143e-001
<MEAN> 9
 -1.076379e+001 -1.127900e+001 4.433376e+000 1.176166e+002 6.296584e+001 1.776737e+002 1.395598e-001 3.460751e-001 8.894569e-002
<VARIANCE> 9
 8.564575e+000 4.584502e+000 4.971127e+000 4.329279e+003 3.144669e+003 5.098438e+003 8.517329e-003 1.275126e-003 5.766023e-003
<GCONST> 3.019203e+001
<MIXTURE> 5 1.599279e-001
<MEAN> 9
 -1.079138e+001 -4.881798e+000 -1.958378e+000 6.495200e+001 -9.700555e+001 2.572296e+002 3.936720e-001 -6.522283e-002 -1.315165e-001
<VARIANCE> 9
 2.318787e+000 1.419976e+001 1.477939e+000 2.552335e+003 3.733948e+003 4.145791e+003 1.207050e-003 1.303486e-002 2.030482e-003
<GCONST> 2.756646e+001
<STATE> 3
<NUMMIXES> 5
<MIXTURE> 1 1.603155e-001
<MEAN> 9
 1.183091e+001 1.399256e+000 6.671999e+000 3.925780e+001 2.412152e+001 2.193222e+001 -8.295603e-002 -2.275148e-001 -2.458315e-001
<VARIANCE> 9
 1.505181e+001 2.038232e+000 3.462836e+000 7.789360e+002 1.024962e+003 2.455236e+004 4.110053e-003 9.149796e-004 9.263663e-004
<GCONST> 2.543029e+001
<MIXTURE> 2 1.100735e-001
<MEAN> 9
 3.638590e-001 3.551988e-001 2.425966e+000 -1.710452e+001 -1.231765e+002 2.903477e+002 1.068605e-001 -2.493998e-001 -2.374675e-001
<VARIANCE> 9
 3.584233e+001 4.432620e+000 4.474985e+000 7.706270e+002 3.084042e+003 1.307639e+003 2.620571e-002 6.967828e-004 1.240859e-003
<GCONST> 2.736193e+001
<MIXTURE> 3 2.705236e-001
<MEAN> 9
 -1.997556e+000 -1.203867e+000 1.407376e+000 -1.471391e+001 -1.743875e+002 3.210438e+002 1.411247e-001 -2.581887e-001 -2.390226e-001
<VARIANCE> 9
 1.827691e+001 9.349580e+000 4.861108e+000 8.696802e+002 3.846147e+003 1.792460e+003 1.452668e-002 5.789765e-004 5.861159e-004
<GCONST> 2.664941e+001
<MIXTURE> 4 2.987719e-001
<MEAN> 9
 9.312136e+000 1.397990e+000 5.659346e+000 2.303667e+001 3.033613e+000 -1.921324e+001 -8.325722e-002 -2.484020e-001 -2.496096e-001
<VARIANCE> 9
 1.437558e+001 1.960117e+000 3.155155e+000 1.170181e+003 1.173019e+003 3.960633e+004 4.193321e-003 9.767681e-004 8.759929e-004
<GCONST> 2.630178e+001
<MIXTURE> 5 1.603155e-001
<MEAN> 9
 1.027905e+001 8.281897e-001 5.927651e+000 2.809403e+001 1.131550e+001 -4.074455e+001 -1.085999e-001 -2.396142e-001 -2.580060e-001
<VARIANCE> 9
 1.505181e+001 2.038232e+000 3.462836e+000 7.789360e+002 1.024962e+003 2.455236e+004 4.110053e-003 9.149796e-004 9.263663e-004
<GCONST> 2.543029e+001
<STATE> 4
<NUMMIXES> 5
<MIXTURE> 1 2.447089e-001
<MEAN> 9
 -1.076496e+001 8.845651e+000 1.843361e+000 4.907522e-001 4.062499e+000 -1.934695e+001 2.441468e-001 -2.905944e-001 -1.861922e-001
<VARIANCE> 9
 5.325419e+000 1.578359e+000 3.574023e+000 1.511135e+003 1.034774e+003 1.534835e+004 3.033100e-003 1.243974e-003 7.277198e-004
<GCONST> 2.413157e+001
<MIXTURE> 2 2.084094e-001
<MEAN> 9
 -5.040797e+000 6.007791e+000 4.248840e+000 1.184394e+001 -1.919818e+000 -5.217699e+001 1.189515e-001 -3.118980e-001 -2.225096e-001
<VARIANCE> 9
 1.387092e+001 1.735570e+000 1.628439e+000 2.938668e+003 1.908686e+003 4.950355e+004 4.226611e-003 5.782502e-004 3.212862e-004
<GCONST> 2.559429e+001
<MIXTURE> 3 1.599795e-001
<MEAN> 9
 -2.268095e+000 5.472940e+000 4.636804e+000 2.027885e+001 -3.539977e+000 9.743805e+000 1.012327e-001 -3.110224e-001 -2.218735e-001
<VARIANCE> 9
 1.224434e+001 1.977968e+000 9.639490e-001 3.864328e+003 1.661970e+003 6.092920e+004 4.453000e-003 5.782502e-004 2.416776e-004
<GCONST> 2.518649e+001
<MIXTURE> 4 2.269229e-001
<MEAN> 9
 -1.048501e+001 8.713561e+000 1.880693e+000 -6.788441e+000 -1.997229e+000 3.918266e-001 2.183334e-001 -3.032773e-001 -1.898458e-001
<VARIANCE> 9
 5.895783e+000 1.591967e+000 3.897641e+000 1.634646e+003 9.250940e+002 1.479380e+004 2.789756e-003 1.097017e-003 8.749412e-004
<GCONST> 2.423320e+001
<MIXTURE> 5 1.599795e-001
<MEAN> 9
 -3.667771e+000 4.910379e+000 4.244080e+000 -4.586638e+000 -1.984688e+001 -8.899156e+001 7.454042e-002 -3.206412e-001 -2.280919e-001
<VARIANCE> 9
 1.224434e+001 1.977968e+000 9.639490e-001 3.864328e+003 1.661970e+003 6.092920e+004 4.453000e-003 5.782502e-004 2.416776e-004
<GCONST> 2.518649e+001
<STATE> 5
<NUMMIXES> 5
<MIXTURE> 1 1.405605e-001
<MEAN> 9
 1.197474e+001 1.002687e+000 6.113234e+000 2.290711e+001 1.258177e+001 1.985729e+001 -1.455893e-001 -1.916140e-001 -2.359196e-001
<VARIANCE> 9
 6.396136e+000 1.710155e+000 2.218659e+000 4.554669e+002 4.893905e+002 1.778198e+004 1.172106e-003 1.773191e-003 9.921591e-004
<GCONST> 2.183095e+001
<MIXTURE> 2 2.594702e-001
<MEAN> 9
 3.603834e+000 3.614128e+000 5.433362e+000 -3.318621e+000 -6.327997e+000 -2.289142e+001 -3.430817e-002 -2.799644e-001 -2.470031e-001
<VARIANCE> 9
 1.037879e+001 1.853444e+000 6.851073e-001 1.968097e+003 8.830685e+002 5.035998e+004 3.622454e-003 5.782502e-004 2.094096e-004
<GCONST> 2.276737e+001
<MIXTURE> 3 1.854788e-001
<MEAN> 9
 9.461655e+000 1.334556e+000 5.967784e+000 4.213024e+000 -2.707000e+000 -1.148556e+001 -1.254222e-001 -2.198837e-001 -2.503918e-001
<VARIANCE> 9
 4.059581e+000 2.380460e+000 1.758785e+000 1.119249e+003 4.108113e+002 2.809591e+004 8.127799e-004 1.871654e-003 6.261402e-004
<GCONST> 2.188389e+001
<MIXTURE> 4 2.739304e-001
<MEAN> 9
 3.118789e+000 3.271208e+000 5.234901e+000 -2.217076e+001 -1.203621e+001 -1.159949e+001 -2.930149e-002 -2.800420e-001 -2.485208e-001
<VARIANCE> 9
 9.442660e+000 2.094235e+000 8.550735e-001 2.541877e+003 1.198968e+003 5.739912e+004 3.399616e-003 5.782502e-004 2.403703e-004
<GCONST> 2.378348e+001
<MIXTURE> 5 1.405605e-001
<MEAN> 9
 1.096312e+001 4.795950e-001 5.517428e+000 1.437045e+001 3.732905e+000 -3.348235e+001 -1.592837e-001 -2.084578e-001 -2.485190e-001
<VARIANCE> 9
 6.396136e+000 1.710155e+000 2.218659e+000 4.554669e+002 4.893905e+002 1.778198e+004 1.172106e-003 1.773191e-003 9.921591e-004
<GCONST> 2.183095e+001
<STATE> 6
<NUMMIXES> 5
<MIXTURE> 1 2.252828e-001
<MEAN> 9
 -5.568912e+000 1.391263e+000 3.692538e+000 -1.078793e+002 5.768432e+001 -1.257652e+002 2.307726e-001 -1.166644e-001 -2.331179e-001
<VARIANCE> 9
 5.146668e+000 1.674951e+001 1.836411e+000 4.806325e+003 2.618865e+003 6.943869e+003 4.794980e-003 2.583607e-002 1.504796e-003
<GCONST> 3.130396e+001
<MIXTURE> 2 2.533879e-001
<MEAN> 9
 -5.757240e+000 1.517994e+000 3.610851e+000 -8.610757e+001 4.219185e+001 -1.827247e+002 1.907841e-001 -1.482208e-001 -2.495299e-001
<VARIANCE> 9
 5.831655e+000 1.685264e+001 1.013086e+000 5.448642e+003 3.219181e+003 2.195477e+003 6.011278e-003 2.180021e-002 9.829047e-004
<GCONST> 2.965091e+001
<MIXTURE> 3 1.527382e-001
<MEAN> 9
 -6.563638e+000 -1.600348e-001 3.633189e+000 -1.045900e+002 3.487777e+001 -1.966297e+002 2.341380e-001 -4.711994e-002 -2.384133e-001
<VARIANCE> 9
 6.851042e+000 1.572198e+001 1.300794e+000 3.924417e+003 4.689621e+003 4.423629e+002 4.078261e-003 2.671551e-002 9.319872e-004
<GCONST> 2.820076e+001
<MIXTURE> 4 2.158529e-001
<MEAN> 9
 -5.725219e+000 1.161738e+000 3.307897e+000 -9.522013e+001 4.438729e+001 -1.554376e+002 2.049286e-001 -1.386518e-001 -2.425431e-001
<VARIANCE> 9
 6.046052e+000 1.614288e+001 1.814102e+000 5.168176e+003 2.486727e+003 6.210676e+003 4.761180e-003 2.489936e-002 1.249392e-003
<GCONST> 3.109512e+001
<MIXTURE> 5 1.527382e-001
<MEAN> 9
 -7.610618e+000 -1.746073e+000 3.176979e+000 -1.296480e+002 7.485448e+000 -2.050427e+002 2.085935e-001 -1.124995e-001 -2.506247e-001
<VARIANCE> 9
 6.851042e+000 1.572198e+001 1.300794e+000 3.924417e+003 4.689621e+003 4.423629e+002 4.078261e-003 2.671551e-002 9.319872e-004
<GCONST> 2.820076e+001
<STATE> 7
<NUMMIXES> 5
<MIXTURE> 1 2.339076e-001
<MEAN> 9
 -4.591509e+000 -1.063714e+001 4.978259e+000 -4.932338e+001 4.431039e+001 -3.576171e+001 -1.832946e-003 3.669499e-001 1.581704e-001
<VARIANCE> 9
 1.612010e+001 1.036742e+000 1.925547e+001 1.855850e+003 6.951290e+003 8.200417e+002 5.236603e-004 5.782502e-004 1.776764e-003
<GCONST> 2.405384e+001
<MIXTURE> 2 2.212320e-001
<MEAN> 9
 -8.669678e+000 -1.135710e+001 5.411872e+000 -1.309130e+002 7.808552e+000 -1.563252e+002 1.262049e-001 3.317584e-001 1.034699e-002
<VARIANCE> 9
 3.590123e+000 4.218342e+000 9.440206e-001 1.124013e+003 2.327694e+003 3.912370e+003 6.862406e-003 1.441265e-003 4.342188e-003
<GCONST> 2.528680e+001
<MIXTURE> 3 1.588428e-001
<MEAN> 9
 -8.450226e+000 -1.015303e+001 6.052623e+000 -1.566887e+002 2.299244e+001 -1.647855e+002 1.731697e-001 3.030906e-001 -5.483058e-002
<VARIANCE> 9
 2.238741e+000 4.018341e+000 1.090047e+000 1.777484e+003 2.395767e+003 1.719210e+003 5.386458e-003 2.216387e-003 5.102415e-003
<GCONST> 2.492414e+001
<MIXTURE> 4 2.271745e-001
<MEAN> 9
 -5.526440e+000 -1.100652e+001 4.652817e+000 -8.618960e+001 -1.052054e+001 -5.117576e+001 1.195625e-002 3.629744e-001 1.253204e-001
<VARIANCE> 9
 4.132154e+000 9.807668e-001 3.204141e+000 1.547206e+003 4.547840e+003 8.194998e+002 5.660372e-004 5.782502e-004 2.402219e-003
<GCONST> 2.061631e+001
<MIXTURE> 5 1.588428e-001
<MEAN> 9
 -9.048723e+000 -1.095487e+001 5.635001e+000 -1.735527e+002 3.413805e+000 -1.813709e+002 1.438127e-001 2.842592e-001 -8.340307e-002
<VARIANCE> 9
 2.238741e+000 4.018341e+000 1.090047e+000 1.777484e+003 2.395767e+003 1.719210e+003 5.386458e-003 2.216387e-003 5.102415e-003
<GCONST> 2.492414e+001
<TRANSP> 8
 0.000000e+000 1.000000e+000 0.000000e+000 0.000000e+000 0.000000e+000 0.000000e+000 0.000000e+000 0.000000e+000
 0.000000e+000 9.576644e-001 4.233558e-002 0.000000e+000 0.000000e+000 0.000000e+000 0.000000e+000 0.000000e+000
 0.000000e+000 0.000000e+000 9.574678e-001 4.253221e-002 0.000000e+000 0.000000e+000 0.000000e+000 0.000000e+000
 0.000000e+000 0.000000e+000 0.000000e+000 9.566860e-001 4.331402e-002 0.000000e+000 0.000000e+000 0.000000e+000
 0.000000e+000 0.000000e+000 0.000000e+000 0.000000e+000 9.651649e-001 3.483510e-002 0.000000e+000 0.000000e+000
 0.000000e+000 0.000000e+000 0.000000e+000 0.000000e+000 0.000000e+000 9.527622e-001 4.723783e-002 0.000000e+000
 0.000000e+000 0.000000e+000 0.000000e+000 0.000000e+000 0.000000e+000 0.000000e+000 9.482379e-001 5.176206e-002
 0.000000e+000 0.000000e+000 0.000000e+000 0.000000e+000 0.000000e+000 0.000000e+000 0.000000e+000 0.000000e+000
<ENDHMM>
~h "SR"
<BEGINHMM>
<NUMSTATES> 8
<STATE> 2
<NUMMIXES> 5
<MIXTURE> 1 1.549125e-001
<MEAN> 9
 -9.509445e+000 -8.400315e+000 9.176269e-001 -6.952344e+001 -3.564449e+001 2.681157e+002 4.238636e-001 2.357583e-001 2.345250e-001
<VARIANCE> 9
 6.959963e-001 2.742296e+000 1.207552e+000 1.801704e+003 1.291422e+003 6.538668e+002 5.617245e-003 6.922960e-003 2.035465e-004
<GCONST> 1.986432e+001
<MIXTURE> 2 2.893164e-001
<MEAN> 9
 -8.666567e+000 -1.080281e+001 9.150395e-001 -7.661272e+000 -1.844546e+002 1.441413e+002 1.045948e-001 3.723340e-001 2.204496e-001
<VARIANCE> 9
 3.652376e+000 7.232676e-001 1.761320e+000 3.273449e+002 7.205103e+003 5.573103e+003 7.013509e-003 5.782502e-004 2.308060e-004
<GCONST> 2.058827e+001
<MIXTURE> 3 1.422269e-001
<MEAN> 9
 -1.027016e+001 -1.010666e+001 -4.680643e-001 -8.920681e+001 -7.856766e+001 2.815343e+002 3.517314e-001 2.735183e-001 2.251920e-001
<VARIANCE> 9
 8.886373e-001 4.106246e+000 2.023369e+000 2.037340e+003 1.594263e+003 2.331098e+003 6.417370e-003 5.170580e-003 1.938003e-004
<GCONST> 2.242556e+001
<MIXTURE> 4 2.586319e-001
<MEAN> 9
 -9.256425e+000 -1.106474e+001 1.898506e-001 -1.132027e+001 -2.001832e+002 1.328769e+002 7.841583e-002 3.702693e-001 2.154957e-001
<VARIANCE> 9
 4.629189e+000 1.036415e+000 2.190465e+000 4.769291e+002 7.536049e+003 7.033875e+003 6.405998e-003 5.782502e-004 2.000743e-004
<GCONST> 2.182362e+001
<MIXTURE> 5 1.549125e-001
<MEAN> 9
 -9.843151e+000 -9.062711e+000 4.780722e-001 -8.650203e+001 -5.001903e+001 2.578873e+002 3.938844e-001 2.024765e-001 2.288182e-001
<VARIANCE> 9
 6.959963e-001 2.742296e+000 1.207552e+000 1.801704e+003 1.291422e+003 6.538668e+002 5.617245e-003 6.922960e-003 2.035465e-004
<GCONST> 1.986432e+001
<STATE> 3
<NUMMIXES> 5
<MIXTURE> 1 1.422693e-001
<MEAN> 9
 -3.284142e+000 7.672333e-001 2.845782e+000 9.028493e+001 1.301917e+001 -1.653866e+002 5.131081e-001 -1.871940e-002 1.886076e-001
<VARIANCE> 9
 6.364932e+000 9.107338e-001 5.313038e-001 1.216983e+003 9.820795e+002 5.801063e+003 4.762525e-004 9.755544e-003 1.602295e-003
<GCONST> 2.160957e+001
<MIXTURE> 2 1.757911e-001
<MEAN> 9
 -5.467651e+000 -3.955212e+000 2.514702e+000 -4.429929e+001 -2.751334e+001 1.363734e+002 5.100767e-001 -9.672245e-002 2.135776e-001
<VARIANCE> 9
 4.370745e+000 4.805284e+000 3.403640e-001 1.757296e+003 3.708911e+002 7.899466e+003 4.762525e-004 5.438503e-003 8.059629e-004
<GCONST> 2.088251e+001
<MIXTURE> 3 2.646224e-001
<MEAN> 9
 -6.019480e+000 -4.764970e+000 2.427830e+000 -6.414240e+001 -3.119074e+001 1.678749e+002 5.108354e-001 -6.659287e-002 2.185491e-001
<VARIANCE> 9
 5.215376e+000 4.854318e+000 4.328859e-001 1.667232e+003 3.400999e+002 6.215814e+003 4.762525e-004 7.173492e-003 8.362914e-004
<GCONST> 2.124465e+001
<MIXTURE> 4 2.750483e-001
<MEAN> 9
 -4.042351e+000 2.728335e-001 2.714691e+000 5.918670e+001 -1.100108e+001 -1.511369e+002 5.017483e-001 -5.354825e-002 1.699522e-001
<VARIANCE> 9
 1.118027e+001 1.197023e+000 6.394677e-001 1.388566e+003 1.157771e+003 1.016087e+004 4.762525e-004 1.525844e-002 1.338024e-003
<GCONST> 2.375559e+001
<MIXTURE> 5 1.422693e-001
<MEAN> 9
 -4.293295e+000 3.855038e-001 2.554220e+000 7.633082e+001 4.839125e-001 -1.958524e+002 5.043787e-001 -5.822746e-002 1.725962e-001
<VARIANCE> 9
 6.364932e+000 9.107338e-001 5.313038e-001 1.216983e+003 9.820795e+002 5.801063e+003 4.762525e-004 9.755544e-003 1.602295e-003
<GCONST> 2.160957e+001
<STATE> 4
<NUMMIXES> 5
<MIXTURE> 1 2.318650e-001
<MEAN> 9
 -6.827909e+000 -8.061586e+000 5.061866e+000 -1.244598e+001 -7.297672e+000 1.103121e+002 4.641764e-001 1.630333e-001 1.652569e-001
<VARIANCE> 9
 9.490216e+000 1.295417e+001 1.071829e+000 4.526371e+002 2.607961e+002 1.280126e+004 5.749052e-004 2.434436e-003 1.522349e-003
<GCONST> 2.259122e+001
<MIXTURE> 2 2.546338e-001
<MEAN> 9
 -1.367433e+001 -3.739603e+000 3.926244e+000 -2.473460e+001 -4.077547e+001 -6.033862e+001 4.069652e-001 2.474074e-001 1.622632e-001
<VARIANCE> 9
 8.778393e+000 1.914597e+001 2.995895e+000 8.996998e+002 1.419934e+003 1.695602e+004 8.681417e-004 8.301031e-004 9.776877e-004
<GCONST> 2.548789e+001
<MIXTURE> 3 1.682791e-001
<MEAN> 9
 -1.413358e+001 -4.524340e+000 4.342013e+000 -3.631788e+001 -4.511941e+001 6.738409e+000 3.884268e-001 2.751991e-001 1.686917e-001
<VARIANCE> 9
 9.491346e+000 1.399940e+001 2.453491e+000 5.187107e+002 1.407424e+003 8.846305e+003 7.036254e-004 5.782502e-004 1.281953e-003
<GCONST> 2.354228e+001
<MIXTURE> 4 1.769431e-001
<MEAN> 9
 -7.913201e+000 -7.653521e+000 4.961648e+000 -1.670734e+001 -1.657463e+001 8.258905e+001 4.563749e-001 1.748850e-001 1.610919e-001
<VARIANCE> 9
 1.299165e+001 2.070178e+001 1.343084e+000 6.340212e+002 4.558299e+002 2.112644e+004 7.570976e-004 2.852866e-003 1.402320e-003
<GCONST> 2.534779e+001
<MIXTURE> 5 1.682791e-001
<MEAN> 9
 -1.536590e+001 -6.020970e+000 3.715468e+000 -4.542796e+001 -6.012567e+001 -3.088351e+001 3.778164e-001 2.655803e-001 1.543699e-001
<VARIANCE> 9
 9.491346e+000 1.399940e+001 2.453491e+000 5.187107e+002 1.407424e+003 8.846305e+003 7.036254e-004 5.782502e-004 1.281953e-003
<GCONST> 2.354228e+001
<STATE> 5
<NUMMIXES> 5
<MIXTURE> 1 1.314985e-001
<MEAN> 9
 -6.940665e+000 -4.020039e+000 3.964936e+000 3.274074e+001 1.469107e+001 -2.548009e+001 4.963174e-001 1.144333e-001 1.928459e-001
<VARIANCE> 9
 6.099366e-001 4.682356e-001 9.808173e-001 5.822924e+002 3.249273e+002 1.982100e+003 4.762525e-004 1.975084e-003 1.146845e-003
<GCONST> 1.436338e+001
<MIXTURE> 2 2.368370e-001
<MEAN> 9
 -6.296722e+000 -4.580942e+000 4.002854e+000 1.811419e+001 8.557961e+000 -2.473426e+001 4.875215e-001 1.150457e-001 1.644816e-001
<VARIANCE> 9
 1.433036e+000 3.475595e-001 4.656308e-001 5.826074e+002 3.345286e+002 4.263341e+003 4.762525e-004 1.942599e-003 1.277423e-003
<GCONST> 1.506135e+001
<MIXTURE> 3 2.560254e-001
<MEAN> 9
 -7.023146e+000 -4.182028e+000 4.071169e+000 1.888142e+001 5.306476e+000 -2.248033e+001 4.944310e-001 9.923641e-002 1.770067e-001
<VARIANCE> 9
 7.627961e-001 5.089924e-001 5.527189e-001 4.842753e+002 2.353762e+002 2.099647e+003 4.762525e-004 1.896594e-003 1.051331e-003
<GCONST> 1.352031e+001
<MIXTURE> 4 2.441409e-001
<MEAN> 9
 -6.260450e+000 -4.688506e+000 3.899342e+000 1.205759e+001 8.313450e+000 -4.217407e+001 4.804459e-001 1.233724e-001 1.537848e-001
<VARIANCE> 9
 1.070124e+000 3.371764e-001 4.647402e-001 5.108962e+002 3.241340e+002 5.863771e+003 5.144611e-004 2.179284e-003 1.757295e-003
<GCONST> 1.540398e+001
<MIXTURE> 5 1.314985e-001
<MEAN> 9
 -7.253059e+000 -4.293750e+000 3.568791e+000 2.308844e+001 7.480772e+000 -4.328841e+001 4.875882e-001 9.665652e-002 1.792999e-001
<VARIANCE> 9
 6.099366e-001 4.682356e-001 9.808173e-001 5.822924e+002 3.249273e+002 1.982100e+003 4.762525e-004 1.975084e-003 1.146845e-003
<GCONST> 1.436338e+001
<STATE> 6
<NUMMIXES> 5
<MIXTURE> 1 1.405294e-001
<MEAN> 9
 -6.918640e+000 -5.206713e+000 1.774952e+000 5.877687e+001 8.797256e+001 -1.331783e+002 3.804474e-001 2.820632e-001 2.166213e-001
<VARIANCE> 9
 7.126186e-001 2.223254e+000 8.452160e-001 7.473242e+002 9.158271e+002 7.634655e+002 5.853693e-003 3.362136e-003 8.404700e-004
<GCONST> 1.898968e+001
<MIXTURE> 2 2.469810e-001
<MEAN> 9
 -6.583000e+000 -9.275307e+000 7.400057e-001 4.381585e+001 1.284683e+002 -1.453792e+002 1.734771e-001 3.609026e-001 2.118431e-001
<VARIANCE> 9
 9.007370e-001 2.530095e+000 7.839372e-001 5.913291e+002 1.552360e+003 8.993427e+002 8.907543e-003 7.101304e-004 6.105421e-004
<GCONST> 1.828067e+001
<MIXTURE> 3 2.233758e-001
<MEAN> 9
 -7.264320e+000 -6.504910e+000 1.636349e+000 4.358754e+001 9.518936e+001 -1.503540e+002 3.258889e-001 2.975596e-001 2.024830e-001
<VARIANCE> 9
 1.042194e+000 2.540125e+000 1.385901e+000 1.333593e+003 1.337931e+003 1.032373e+003 7.176640e-003 2.836013e-003 1.099897e-003
<GCONST> 2.156009e+001
<MIXTURE> 4 2.485847e-001
<MEAN> 9
 -6.640471e+000 -9.775548e+000 6.999632e-001 4.434074e+001 1.220924e+002 -1.510855e+002 1.464208e-001 3.646887e-001 1.992566e-001
<VARIANCE> 9
 7.443218e-001 2.481441e+000 6.096980e-001 5.394006e+002 1.438255e+003 7.251914e+002 9.772531e-003 7.285834e-004 5.764377e-004
<GCONST> 1.749651e+001
<MIXTURE> 5 1.405294e-001
<MEAN> 9
 -7.256306e+000 -5.803136e+000 1.407210e+000 4.784198e+001 7.586751e+001 -1.442307e+002 3.498436e-001 2.588696e-001 2.050249e-001
<VARIANCE> 9
 7.126186e-001 2.223254e+000 8.452160e-001 7.473242e+002 9.158271e+002 7.634655e+002 5.853693e-003 3.362136e-003 8.404700e-004
<GCONST> 1.898968e+001
<STATE> 7
<NUMMIXES> 5
<MIXTURE> 1 2.352190e-001
<MEAN> 9
 -3.389440e+000 -1.008232e+001 1.572536e+000 1.854634e+000 9.884601e+001 -3.065881e+001 9.165006e-003 3.639561e-001 2.427530e-001
<VARIANCE> 9
 2.256704e+000 3.371764e-001 1.906281e+000 1.609622e+002 8.510578e+002 6.623633e+002 3.629947e-003 5.782502e-004 7.066795e-004
<GCONST> 1.490730e+001
<MIXTURE> 2 2.282682e-001
<MEAN> 9
 -3.895869e+000 -1.030690e+001 1.078733e+000 -1.820400e+001 7.119642e+001 -3.634697e+001 -2.008808e-002 3.669435e-001 1.979159e-001
<VARIANCE> 9
 7.275540e-001 3.371764e-001 9.422322e-002 1.670105e+002 3.621639e+002 6.200728e+002 4.762525e-004 5.782502e-004 8.795266e-004
<GCONST> 8.072386e+000
<MIXTURE> 3 1.637210e-001
<MEAN> 9
 -4.485164e+000 -1.011035e+001 1.126289e+000 -1.256180e+001 7.018849e+001 -4.690478e+001 -1.081682e-002 3.743375e-001 1.760955e-001
<VARIANCE> 9
 6.581448e-001 3.371764e-001 8.867003e-002 2.033834e+002 6.413801e+002 7.990620e+002 4.762525e-004 5.782502e-004 2.346303e-004
<GCONST> 7.612170e+000
<MIXTURE> 4 2.090707e-001
<MEAN> 9
 -3.622132e+000 -1.014310e+001 1.243181e+000 -2.270652e+000 8.729903e+001 -3.385226e+001 1.101130e-002 3.632169e-001 2.393118e-001
<VARIANCE> 9
 2.051800e+000 3.371764e-001 1.271430e+000 1.813882e+002 7.196940e+002 7.821161e+002 3.822994e-003 5.782502e-004 6.004131e-004
<GCONST> 1.441396e+001
<MIXTURE> 5 1.637210e-001
<MEAN> 9
 -4.809669e+000 -1.034261e+001 1.007179e+000 -1.826630e+001 6.005830e+001 -5.821186e+001 -1.954610e-002 3.647187e-001 1.699685e-001
<VARIANCE> 9
 6.581448e-001 3.371764e-001 8.867003e-002 2.033834e+002 6.413801e+002 7.990620e+002 4.762525e-004 5.782502e-004 2.346303e-004
<GCONST> 7.612170e+000
<TRANSP> 8
 0.000000e+000 1.000000e+000 0.000000e+000 0.000000e+000 0.000000e+000 0.000000e+000 0.000000e+000 0.000000e+000
 0.000000e+000 9.489766e-001 5.102339e-002 0.000000e+000 0.000000e+000 0.000000e+000 0.000000e+000 0.000000e+000
 0.000000e+000 0.000000e+000 9.562417e-001 4.375833e-002 0.000000e+000 0.000000e+000 0.000000e+000 0.000000e+000
 0.000000e+000 0.000000e+000 0.000000e+000 9.487280e-001 5.127200e-002 0.000000e+000 0.000000e+000 0.000000e+000
 0.000000e+000 0.000000e+000 0.000000e+000 0.000000e+000 9.473269e-001 5.267316e-002 0.000000e+000 0.000000e+000
 0.000000e+000 0.000000e+000 0.000000e+000 0.000000e+000 0.000000e+000 9.499353e-001 5.006469e-002 0.000000e+000
 0.000000e+000 0.000000e+000 0.000000e+000 0.000000e+000 0.000000e+000 0.000000e+000 9.266515e-001 7.334851e-002
 0.000000e+000 0.000000e+000 0.000000e+000 0.000000e+000 0.000000e+000 0.000000e+000 0.000000e+000 0.000000e+000
<ENDHMM>
~h "TK"
<BEGINHMM>
<NUMSTATES> 8
<STATE> 2
<NUMMIXES> 5
<MIXTURE> 1 1.641220e-001
<MEAN> 9
 -9.213233e+000 -9.275523e+000 -3.333178e+000 -6.955102e+001 1.244674e+002 2.191904e+002 2.072677e-001 3.637594e-001 2.448800e-001
<VARIANCE> 9
 9.554440e-001 6.279984e-001 1.819640e+000 1.566248e+003 2.475626e+003 1.157827e+003 5.257195e-003 5.782502e-004 3.434070e-003
<GCONST> 2.047605e+001
<MIXTURE> 2 1.891704e-001
<MEAN> 9
 -8.817122e+000 -1.092844e+001 -1.850490e+000 -3.392890e+001 5.550335e+001 1.753936e+002 8.418660e-002 3.705338e-001 1.849090e-001
<VARIANCE> 9
 2.847677e+000 1.510040e+000 4.134180e+000 2.204079e+003 1.688085e+003 5.543052e+003 6.479369e-003 5.782502e-004 1.650786e-003
<GCONST> 2.426740e+001
<MIXTURE> 3 2.654539e-001
<MEAN> 9
 -9.071566e+000 -9.949228e+000 -2.617980e+000 -5.440378e+001 8.200191e+001 1.974884e+002 1.502428e-001 3.664674e-001 1.883020e-001
<VARIANCE> 9
 7.650447e-001 6.830162e-001 2.227952e+000 1.888170e+003 1.058100e+003 2.289537e+003 8.279228e-003 5.782502e-004 1.858863e-003
<GCONST> 2.039931e+001
<MIXTURE> 4 2.171317e-001
<MEAN> 9
 -1.026977e+001 -1.183232e+001 -2.850782e+000 -4.794220e+001 2.455702e+001 1.994412e+002 8.397608e-002 3.675594e-001 1.940089e-001
<VARIANCE> 9
 3.366499e+000 2.114507e+000 5.333578e+000 2.795168e+003 2.462626e+003 7.804143e+003 7.096133e-003 5.782502e-004 1.634804e-003
<GCONST> 2.606471e+001
<MIXTURE> 5 1.641220e-001
<MEAN> 9
 -9.604220e+000 -9.592509e+000 -3.872754e+000 -8.538136e+001 1.045652e+002 2.055796e+002 1.782651e-001 3.541406e-001 2.214396e-001
<VARIANCE> 9
 9.554440e-001 6.279984e-001 1.819640e+000 1.566248e+003 2.475626e+003 1.157827e+003 5.257195e-003 5.782502e-004 3.434070e-003
<GCONST> 2.047605e+001
<STATE> 3
<NUMMIXES> 5
<MIXTURE> 1 1.591136e-001
<MEAN> 9
 -5.686498e+000 1.878927e+000 -2.142124e+000 -1.652054e+002 2.877196e+001 1.229206e+002 4.326969e-001 -1.054391e-001 4.507268e-001
<VARIANCE> 9
 1.644828e+000 2.972291e+000 1.750789e+000 4.047121e+002 4.072363e+002 1.351907e+003 7.454353e-004 9.851028e-003 1.182419e-003
<GCONST> 1.934785e+001
<MIXTURE> 2 2.169419e-001
<MEAN> 9
 -8.175253e+000 -4.773846e+000 -4.851859e+000 -1.828249e+002 3.170503e+001 2.190723e+002 3.916015e-001 1.713512e-001 3.888405e-001
<VARIANCE> 9
 1.879766e+000 4.082366e+000 1.459141e+000 1.185910e+003 1.442722e+003 2.006436e+003 2.482715e-003 8.625209e-003 4.292796e-003
<GCONST> 2.471095e+001
<MIXTURE> 3 2.390833e-001
<MEAN> 9
 -5.958123e+000 8.958340e-001 -2.841509e+000 -1.770052e+002 9.174040e+000 1.228311e+002 4.077255e-001 -1.005275e-001 4.727040e-001
<VARIANCE> 9
 1.505074e+000 3.504427e+000 1.542017e+000 5.938368e+002 7.479041e+002 1.943104e+003 1.283030e-003 9.384255e-003 2.371778e-003
<GCONST> 2.184141e+001
<MIXTURE> 4 2.257479e-001
<MEAN> 9
 -8.704028e+000 -6.030859e+000 -5.690762e+000 -1.900145e+002 3.179926e+001 2.339116e+002 3.637915e-001 1.994492e-001 3.924600e-001
<VARIANCE> 9
 2.144939e+000 6.395807e+000 2.229795e+000 1.453792e+003 1.759534e+003 4.172838e+003 2.570816e-003 7.272114e-003 6.043002e-003
<GCONST> 2.705655e+001
<MIXTURE> 5 1.591136e-001
<MEAN> 9
 -6.199502e+000 1.189313e+000 -2.671394e+000 -1.732524e+002 2.069992e+001 1.082132e+002 4.217759e-001 -1.451401e-001 4.369722e-001
<VARIANCE> 9
 1.644828e+000 2.972291e+000 1.750789e+000 4.047121e+002 4.072363e+002 1.351907e+003 7.454353e-004 9.851028e-003 1.182419e-003
<GCONST> 1.934785e+001
<STATE> 4
<NUMMIXES> 5
<MIXTURE> 1 2.250195e-001
<MEAN> 9
 -4.914129e+000 4.891271e+000 6.222159e-001 4.122022e+001 2.166035e+001 -1.984775e+001 3.675757e-001 -2.849562e-001 4.289092e-001
<VARIANCE> 9
 9.954298e-001 9.244699e-001 2.681565e+000 1.757149e+004 7.234586e+002 3.308600e+003 4.762525e-004 1.289629e-003 1.973320e-003
<GCONST> 2.137553e+001
<MIXTURE> 2 2.310996e-001
<MEAN> 9
 -5.201088e+000 6.564452e+000 2.507553e+000 -1.395556e+001 1.498311e+001 7.152765e+000 3.409216e-001 -3.421384e-001 3.872012e-001
<VARIANCE> 9
 6.344041e-001 3.888108e-001 2.630640e+000 4.509035e+003 8.120370e+002 5.302256e+002 4.762525e-004 5.782502e-004 1.513535e-003
<GCONST> 1.589671e+001
<MIXTURE> 3 1.700582e-001
<MEAN> 9
 -5.249410e+000 7.143419e+000 2.290873e+000 8.821735e+000 8.156975e+000 5.751294e+000 3.321642e-001 -3.449297e-001 4.028110e-001
<VARIANCE> 9
 3.512301e-001 3.371764e-001 2.430928e+000 1.720766e+003 4.027964e+002 1.995386e+002 4.762525e-004 5.782502e-004 1.490973e-003
<GCONST> 1.242728e+001
<MIXTURE> 4 2.037647e-001
<MEAN> 9
 -5.074027e+000 5.026990e+000 6.253926e-001 1.743817e+001 1.751131e+001 -9.639823e+000 3.626860e-001 -2.910239e-001 4.269715e-001
<VARIANCE> 9
 1.048058e+000 9.735879e-001 2.896263e+000 1.631668e+004 6.771151e+002 2.961471e+003 5.167266e-004 1.222839e-003 2.208488e-003
<GCONST> 2.144569e+001
<MIXTURE> 5 1.700582e-001
<MEAN> 9
 -5.486468e+000 6.911151e+000 1.667215e+000 -7.771111e+000 1.290603e-001 1.009684e-001 3.234349e-001 -3.545485e-001 3.873658e-001
<VARIANCE> 9
 3.512301e-001 3.371764e-001 2.430928e+000 1.720766e+003 4.027964e+002 1.995386e+002 4.762525e-004 5.782502e-004 1.490973e-003
<GCONST> 1.242728e+001
<STATE> 5
<NUMMIXES> 5
<MIXTURE> 1 2.626517e-001
<MEAN> 9
 -7.585826e+000 3.287598e+000 -5.173820e+000 1.400910e+002 3.008118e+001 -7.161668e+001 3.612486e-001 -1.295338e-001 5.377564e-001
<VARIANCE> 9
 1.523017e+000 1.043562e+000 3.594371e+000 3.805532e+003 6.689991e+002 1.292190e+003 7.782656e-004 4.742207e-003 1.121153e-003
<GCONST> 2.089459e+001
<MIXTURE> 2 1.419723e-001
<MEAN> 9
 -9.145292e+000 1.678894e+000 -5.612593e+000 3.552095e+001 -1.894130e+001 -3.825570e+000 3.827191e-001 5.368599e-002 5.386152e-001
<VARIANCE> 9
 1.079417e+000 1.216143e+000 5.662682e+000 2.284612e+003 2.107217e+003 1.042825e+003 6.020815e-004 2.672876e-003 1.240099e-003
<GCONST> 2.085138e+001
<MIXTURE> 3 1.717800e-001
<MEAN> 9
 -9.061352e+000 2.563200e+000 -6.967789e+000 9.064139e+001 1.175191e+001 -4.949008e+001 3.595081e-001 -4.023691e-002 5.550073e-001
<VARIANCE> 9
 1.406367e+000 8.511452e-001 2.996147e+000 5.339980e+003 1.107773e+003 2.042243e+003 1.005489e-003 4.143767e-003 1.051274e-003
<GCONST> 2.178676e+001
<MIXTURE> 4 2.816239e-001
<MEAN> 9
 -9.752992e+000 1.400990e+000 -6.726253e+000 4.143660e+001 -3.085877e+001 -2.320700e+001 3.795331e-001 3.727778e-002 5.300521e-001
<VARIANCE> 9
 1.569240e+000 1.227064e+000 6.732402e+000 2.657041e+003 2.736604e+003 1.246391e+003 5.440025e-004 2.667332e-003 1.120813e-003
<GCONST> 2.179356e+001
<MIXTURE> 5 1.419723e-001
<MEAN> 9
 -9.560873e+000 1.237778e+000 -6.564449e+000 1.640191e+001 -3.730308e+001 -1.674269e+001 3.729042e-001 3.300605e-002 5.245292e-001
<VARIANCE> 9
 1.079417e+000 1.216143e+000 5.662682e+000 2.284612e+003 2.107217e+003 1.042825e+003 6.020815e-004 2.672876e-003 1.240099e-003
<GCONST> 2.085138e+001
<STATE> 6
<NUMMIXES> 5
<MIXTURE> 1 1.785376e-001
<MEAN> 9
 -6.364537e+000 -4.941673e-001 -7.204463e-001 3.155795e+001 -1.846372e+002 -6.896456e+001 4.679582e-001 8.463994e-002 3.728649e-001
<VARIANCE> 9
 1.266462e+000 6.809064e-001 2.137119e+000 2.812291e+002 5.122975e+003 2.817146e+003 8.239938e-004 3.754833e-003 9.639412e-003
<GCONST> 2.194843e+001
<MIXTURE> 2 2.188127e-001
<MEAN> 9
 -8.549292e+000 -5.031291e+000 2.178228e+000 -1.008048e+001 -5.890231e+001 -1.872435e+002 3.714220e-001 2.682973e-001 1.434206e-001
<VARIANCE> 9
 1.457658e+000 1.972691e+000 2.613243e+000 8.870064e+002 2.047451e+003 8.603380e+002 3.082440e-003 3.703792e-003 2.604853e-003
<GCONST> 2.239644e+001
<MIXTURE> 3 2.075551e-001
<MEAN> 9
 -6.591263e+000 -1.240753e+000 -3.436136e-001 2.044712e+001 -1.889867e+002 -1.226470e+002 4.677460e-001 1.136431e-001 2.749155e-001
<VARIANCE> 9
 1.050291e+000 1.016934e+000 2.079730e+000 3.347362e+002 3.849468e+003 3.806437e+003 6.732101e-004 4.418887e-003 1.318975e-002
<GCONST> 2.259884e+001
<MIXTURE> 4 2.165572e-001
<MEAN> 9
 -8.701981e+000 -5.268767e+000 2.526183e+000 -2.020956e+001 -5.968533e+001 -2.037699e+002 3.647534e-001 2.650858e-001 1.240213e-001
<VARIANCE> 9
 1.606876e+000 2.338686e+000 2.241804e+000 1.252572e+003 1.695612e+003 1.229932e+003 3.221400e-003 4.839073e-003 2.604605e-003
<GCONST> 2.333608e+001
<MIXTURE> 5 1.785376e-001
<MEAN> 9
 -6.814685e+000 -8.242355e-001 -1.305202e+000 2.484999e+001 -2.132672e+002 -9.019527e+001 4.564760e-001 6.012926e-002 3.335927e-001
<VARIANCE> 9
 1.266462e+000 6.809064e-001 2.137119e+000 2.812291e+002 5.122975e+003 2.817146e+003 8.239938e-004 3.754833e-003 9.639412e-003
<GCONST> 2.194843e+001
<STATE> 7
<NUMMIXES> 5
<MIXTURE> 1 2.632127e-001
<MEAN> 9
 -5.007464e+000 -1.022191e+001 1.729014e+000 -1.988844e+001 9.338338e+001 -6.562895e+001 1.298585e-002 3.720738e-001 1.885297e-001
<VARIANCE> 9
 1.112394e+000 3.371764e-001 1.542962e+000 1.404749e+002 1.669406e+003 1.889521e+003 2.517540e-003 5.782502e-004 2.213929e-004
<GCONST> 1.404774e+001
<MIXTURE> 2 1.858636e-001
<MEAN> 9
 -7.049685e+000 -9.353658e+000 2.622396e+000 -2.047471e+001 2.968882e+001 -1.558698e+002 1.609024e-001 3.711514e-001 1.637051e-001
<VARIANCE> 9
 1.009292e+000 1.840325e+000 6.224627e-001 3.027115e+002 1.712584e+003 3.961054e+002 4.752710e-003 5.782502e-004 6.583930e-004
<GCONST> 1.569598e+001
<MIXTURE> 3 2.643493e-001
<MEAN> 9
 -7.422594e+000 -1.003596e+001 3.034432e+000 -2.718493e+001 1.527295e+001 -1.911102e+002 1.714881e-001 3.650150e-001 1.374550e-001
<VARIANCE> 9
 8.489074e-001 3.100058e+000 2.484380e+000 1.635001e+003 1.551649e+003 1.204447e+003 3.983547e-003 5.782502e-004 5.854226e-004
<GCONST> 1.983452e+001
<MIXTURE> 4 1.432872e-001
<MEAN> 9
 -5.293265e+000 -1.020957e+001 1.539005e+000 -2.192616e+001 9.108866e+001 -7.186654e+001 2.351266e-002 3.765722e-001 1.798703e-001
<VARIANCE> 9
 8.801938e-001 3.371764e-001 9.080559e-001 8.799706e+001 1.673491e+003 1.669074e+003 1.837293e-003 5.782502e-004 2.443106e-004
<GCONST> 1.247764e+001
<MIXTURE> 5 1.432872e-001
<MEAN> 9
 -5.668540e+000 -1.044183e+001 1.157837e+000 -2.567842e+001 7.472533e+001 -8.820826e+001 6.367199e-003 3.669534e-001 1.736181e-001
<VARIANCE> 9
 8.801938e-001 3.371764e-001 9.080559e-001 8.799706e+001 1.673491e+003 1.669074e+003 1.837293e-003 5.782502e-004 2.443106e-004
<GCONST> 1.247764e+001
<TRANSP> 8
 0.000000e+000 1.000000e+000 0.000000e+000 0.000000e+000 0.000000e+000 0.000000e+000 0.000000e+000 0.000000e+000
 0.000000e+000 9.051150e-001 9.488501e-002 0.000000e+000 0.000000e+000 0.000000e+000 0.000000e+000 0.000000e+000
 0.000000e+000 0.000000e+000 9.410517e-001 5.894831e-002 0.000000e+000 0.000000e+000 0.000000e+000 0.000000e+000
 0.000000e+000 0.000000e+000 0.000000e+000 9.597569e-001 4.024315e-002 0.000000e+000 0.000000e+000 0.000000e+000
 0.000000e+000 0.000000e+000 0.000000e+000 0.000000e+000 9.528465e-001 4.715353e-002 0.000000e+000 0.000000e+000
 0.000000e+000 0.000000e+000 0.000000e+000 0.000000e+000 0.000000e+000 9.460600e-001 5.393995e-002 0.000000e+000
 0.000000e+000 0.000000e+000 0.000000e+000 0.000000e+000 0.000000e+000 0.000000e+000 9.390768e-001 6.092320e-002
 0.000000e+000 0.000000e+000 0.000000e+000 0.000000e+000 0.000000e+000 0.000000e+000 0.000000e+000 0.000000e+000
<ENDHMM>
~h "sp"
<BEGINHMM>
<NUMSTATES> 8
<STATE> 2
<NUMMIXES> 5
<MIXTURE> 1 2.453480e-001
<MEAN> 9
 -4.409930e+000 -9.612319e+000 1.721461e+000 -4.167225e+000 7.220316e+001 -7.752787e+000 3.919952e-003 3.680049e-001 2.018071e-001
<VARIANCE> 9
 1.339063e+000 3.371764e-001 1.103576e+000 1.091133e+002 1.529806e+003 1.210095e+002 4.762525e-004 5.782502e-004 2.403202e-004
<GCONST> 9.226816e+000
<MIXTURE> 2 2.535548e-001
<MEAN> 9
 -4.070669e+000 -9.897078e+000 2.564302e+000 -7.939969e+000 7.353247e+001 -1.043876e+001 -2.294572e-002 3.646359e-001 1.774498e-001
<VARIANCE> 9
 3.360974e+000 3.371764e-001 2.467461e+000 2.589554e+002 3.201900e+003 1.210095e+002 5.048206e-004 5.782502e-004 3.176030e-004
<GCONST> 1.289167e+001
<MIXTURE> 3 1.367900e-001
<MEAN> 9
 -3.930393e+000 -9.692914e+000 1.822782e+000 -5.627597e+000 6.645925e+001 -1.289753e+001 -2.429672e-002 3.680817e-001 1.721939e-001
<VARIANCE> 9
 2.449709e+000 3.371764e-001 4.171532e+000 3.995814e+002 3.233053e+003 1.210095e+002 4.762525e-004 5.782502e-004 2.310687e-004
<GCONST> 1.316760e+001
<MIXTURE> 4 2.275169e-001
<MEAN> 9
 -4.501114e+000 -9.750251e+000 1.572742e+000 -8.686378e+000 6.563931e+001 -1.140969e+001 -4.588799e-003 3.660968e-001 1.929056e-001
<VARIANCE> 9
 1.464590e+000 3.371764e-001 1.113103e+000 1.764992e+002 1.645075e+003 1.210095e+002 5.328754e-004 5.782502e-004 3.505819e-004
<GCONST> 1.036855e+001
<MIXTURE> 5 1.367900e-001
<MEAN> 9
 -4.556455e+000 -9.925181e+000 1.005808e+000 -1.362341e+001 4.371527e+001 -1.729771e+001 -3.302600e-002 3.584629e-001 1.661135e-001
<VARIANCE> 9
 2.449709e+000 3.371764e-001 4.171532e+000 3.995814e+002 3.233053e+003 1.210095e+002 4.762525e-004 5.782502e-004 2.310687e-004
<GCONST> 1.316760e+001
<STATE> 3
<NUMMIXES> 5
<MIXTURE> 1 1.488401e-001
<MEAN> 9
 -3.238062e+000 -9.668454e+000 5.832367e-001 8.174428e+000 1.189396e+001 7.085564e-001 -9.276347e-003 3.716968e-001 1.920781e-001
<VARIANCE> 9
 5.188841e-001 3.371764e-001 6.220284e-001 2.977951e+001 1.908224e+002 1.210095e+002 4.762525e-004 5.782502e-004 4.223668e-004
<GCONST> 4.889228e+000
<MIXTURE> 2 2.086076e-001
<MEAN> 9
 -2.390718e+000 -9.830626e+000 -2.218368e-001 5.586503e+000 -7.851757e+000 2.048420e+000 -3.103378e-002 3.632894e-001 1.804488e-001
<VARIANCE> 9
 7.843260e-001 3.371764e-001 3.227148e-001 2.977951e+001 1.443347e+002 1.210095e+002 4.762525e-004 5.782502e-004 3.528197e-004
<GCONST> 4.187034e+000
<MIXTURE> 3 2.356307e-001
<MEAN> 9
 -2.076779e+000 -9.849804e+000 -3.470657e-001 6.306028e+000 -1.309433e+001 3.514493e+000 -3.988478e-002 3.606762e-001 1.750361e-001
<VARIANCE> 9
 6.772418e-001 3.371764e-001 2.728720e-001 2.977951e+001 9.148718e+001 1.210095e+002 4.762525e-004 5.782502e-004 1.938003e-004
<GCONST> 2.817405e+000
<MIXTURE> 4 2.580813e-001
<MEAN> 9
 -3.345667e+000 -9.857822e+000 2.745015e-001 6.014658e+000 1.931319e+000 -1.102517e+000 -2.160704e-002 3.643785e-001 1.800404e-001
<VARIANCE> 9
 5.591392e-001 3.371764e-001 6.445987e-001 2.977951e+001 2.294929e+002 1.210095e+002 4.762525e-004 5.782502e-004 3.993709e-004
<GCONST> 5.128136e+000
<MIXTURE> 5 1.488401e-001
<MEAN> 9
 -3.526196e+000 -9.900722e+000 2.677616e-001 5.991604e+000 6.368416e+000 -3.691616e+000 -1.800563e-002 3.620780e-001 1.838575e-001
<VARIANCE> 9
 5.188841e-001 3.371764e-001 6.220284e-001 2.977951e+001 1.908224e+002 1.210095e+002 4.762525e-004 5.782502e-004 4.223668e-004
<GCONST> 4.889228e+000
<STATE> 4
<NUMMIXES> 5
<MIXTURE> 1 2.361140e-001
<MEAN> 9
 -2.239802e+000 -9.938335e+000 1.285979e-001 3.260664e+000 -5.159359e-001 4.857261e-001 -3.697936e-002 3.628413e-001 1.861627e-001
<VARIANCE> 9
 2.225234e-001 3.371764e-001 6.976298e-002 2.977951e+001 3.680466e+001 1.210095e+002 4.762525e-004 5.782502e-004 5.097744e-004
<GCONST> 3.970742e-001
<MIXTURE> 2 2.577721e-001
<MEAN> 9
 -2.341528e+000 -9.913412e+000 1.382309e-001 3.123034e+000 -8.623951e-001 7.291249e-001 -3.418883e-002 3.628753e-001 1.731636e-001
<VARIANCE> 9
 1.937174e-001 3.371764e-001 9.751953e-002 2.977951e+001 3.680466e+001 1.210095e+002 4.762525e-004 5.782502e-004 2.019979e-004
<GCONST> -3.323174e-001
<MIXTURE> 3 1.377378e-001
<MEAN> 9
 -2.390132e+000 -9.758570e+000 1.080174e-001 4.076666e+000 -8.617032e-001 3.133569e+000 -2.437113e-002 3.685318e-001 1.710453e-001
<VARIANCE> 9
 1.491142e-001 3.371764e-001 1.333070e-001 2.977951e+001 3.680466e+001 1.210095e+002 4.762525e-004 5.782502e-004 1.938003e-004
<GCONST> -3.228312e-001
<MIXTURE> 4 2.306367e-001
<MEAN> 9
 -2.235351e+000 -9.933222e+000 9.446017e-002 3.145511e+000 -1.796058e+000 6.604898e-001 -3.923794e-002 3.606238e-001 1.801096e-001
<VARIANCE> 9
 2.193501e-001 3.371764e-001 7.471748e-002 2.977951e+001 3.680466e+001 1.210095e+002 4.762525e-004 5.782502e-004 4.587506e-004
<GCONST> 3.458619e-001
<MIXTURE> 5 1.377378e-001
<MEAN> 9
 -2.544594e+000 -9.990837e+000 -3.802756e-002 1.893842e+000 -3.288377e+000 -1.266603e+000 -3.310041e-002 3.589130e-001 1.654769e-001
<VARIANCE> 9
 1.491142e-001 3.371764e-001 1.333070e-001 2.977951e+001 3.680466e+001 1.210095e+002 4.762525e-004 5.782502e-004 1.938003e-004
<GCONST> -3.228312e-001
<STATE> 5
<NUMMIXES> 5
<MIXTURE> 1 1.326490e-001
<MEAN> 9
 -3.185397e+000 -9.546955e+000 2.708124e-001 4.405896e+000 2.083999e+000 2.628167e+000 9.550796e-003 3.737583e-001 2.032299e-001
<VARIANCE> 9
 1.491142e-001 3.371764e-001 6.976298e-002 2.977951e+001 3.680466e+001 1.210095e+002 4.762525e-004 5.782502e-004 2.665884e-004
<GCONST> -6.515069e-001
<MIXTURE> 2 2.369155e-001
<MEAN> 9
 -3.013301e+000 -9.746825e+000 3.254018e-001 3.113708e+000 2.043533e-002 4.420664e-001 -7.314619e-003 3.694911e-001 1.825141e-001
<VARIANCE> 9
 1.491142e-001 3.371764e-001 6.976298e-002 2.977951e+001 3.680466e+001 1.210095e+002 4.762525e-004 5.782502e-004 2.992926e-004
<GCONST> -5.357909e-001
<MIXTURE> 3 2.483709e-001
<MEAN> 9
 -3.151986e+000 -9.701272e+000 2.541215e-001 3.198158e+000 -3.186314e-001 4.489400e-001 -1.116140e-003 3.687146e-001 1.906676e-001
<VARIANCE> 9
 1.491142e-001 3.371764e-001 6.976298e-002 2.977951e+001 3.680466e+001 1.210095e+002 4.762525e-004 5.782502e-004 3.571017e-004
<GCONST> -3.591919e-001
<MIXTURE> 4 2.494147e-001
<MEAN> 9
 -3.002748e+000 -9.763575e+000 3.239113e-001 2.890937e+000 -1.502897e+000 5.154212e-001 -1.157442e-002 3.677267e-001 1.767019e-001
<VARIANCE> 9
 1.491142e-001 3.371764e-001 6.976298e-002 2.977951e+001 3.680466e+001 1.210095e+002 4.762525e-004 5.782502e-004 2.517141e-004
<GCONST> -7.089181e-001
<MIXTURE> 5 1.326490e-001
<MEAN> 9
 -3.339859e+000 -9.779222e+000 1.651616e-001 2.223072e+000 -3.426753e-001 -1.772006e+000 8.215122e-004 3.641395e-001 1.966989e-001
<VARIANCE> 9
 1.491142e-001 3.371764e-001 6.976298e-002 2.977951e+001 3.680466e+001 1.210095e+002 4.762525e-004 5.782502e-004 2.665884e-004
<GCONST> -6.515069e-001
<STATE> 6
<NUMMIXES> 5
<MIXTURE> 1 2.532266e-001
<MEAN> 9
 -3.102305e+000 -9.869829e+000 8.105409e-001 3.686503e+000 -8.187414e+000 2.994112e+000 -2.727615e-002 3.658574e-001 1.820001e-001
<VARIANCE> 9
 7.559054e-001 3.371764e-001 1.624048e-001 2.977951e+001 7.362238e+001 1.210095e+002 4.762525e-004 5.782502e-004 2.327692e-004
<GCONST> 2.374350e+000
<MIXTURE> 2 1.295017e-001
<MEAN> 9
 -2.627380e+000 -9.788096e+000 6.727527e-001 5.075529e+000 -1.035200e+001 3.908560e+000 -2.980671e-002 3.687205e-001 1.879856e-001
<VARIANCE> 9
 5.974731e-001 3.371764e-001 8.263493e-002 2.977951e+001 9.241763e+001 1.210095e+002 4.762525e-004 5.782502e-004 3.702806e-004
<GCONST> 2.155069e+000
<MIXTURE> 3 2.422366e-001
<MEAN> 9
 -2.814296e+000 -9.894901e+000 5.265591e-001 4.103179e+000 -1.505365e+001 1.323868e+000 -3.412236e-002 3.637017e-001 1.852646e-001
<VARIANCE> 9
 5.811553e-001 3.371764e-001 6.976298e-002 2.977951e+001 9.497775e+001 1.210095e+002 4.762525e-004 5.782502e-004 4.358563e-004
<GCONST> 2.148424e+000
<MIXTURE> 4 2.455338e-001
<MEAN> 9
 -2.988834e+000 -9.880990e+000 6.642977e-001 3.223866e+000 -1.129240e+001 2.292814e+000 -3.213823e-002 3.634709e-001 1.782210e-001
<VARIANCE> 9
 7.514372e-001 3.371764e-001 1.358723e-001 2.977951e+001 8.339115e+001 1.210095e+002 4.762525e-004 5.782502e-004 2.178158e-004
<GCONST> 2.248240e+000
<MIXTURE> 5 1.295017e-001
<MEAN> 9
 -2.936566e+000 -1.002036e+001 5.577675e-001 2.892705e+000 -1.419736e+001 -4.916123e-001 -3.853599e-002 3.591017e-001 1.802886e-001
<VARIANCE> 9
 5.974731e-001 3.371764e-001 8.263493e-002 2.977951e+001 9.241763e+001 1.210095e+002 4.762525e-004 5.782502e-004 3.702806e-004
<GCONST> 2.155069e+000
<STATE> 7
<NUMMIXES> 5
<MIXTURE> 1 1.619348e-001
<MEAN> 9
 -5.741994e+000 -9.920096e+000 1.661792e+000 1.295409e+001 -7.146321e+000 4.716153e+001 9.485502e-003 3.746970e-001 1.844975e-001
<VARIANCE> 9
 1.107899e+000 3.371764e-001 1.126624e+000 6.125186e+001 1.053557e+003 6.145510e+002 6.206227e-004 5.782502e-004 4.503077e-004
<GCONST> 1.062538e+001
<MIXTURE> 2 2.239037e-001
<MEAN> 9
 -4.821345e+000 -9.999835e+000 1.411655e+000 3.614766e+000 -1.051792e+002 1.908034e+001 -1.767581e-002 3.661906e-001 1.973221e-001
<VARIANCE> 9
 2.269178e+000 3.371764e-001 5.870557e-001 3.179022e+001 7.067299e+003 1.998800e+002 4.762525e-004 5.782502e-004 4.402341e-004
<GCONST> 1.052737e+001
<MIXTURE> 3 2.357317e-001
<MEAN> 9
 -5.408256e+000 -9.878935e+000 1.174986e+000 6.500557e+000 -4.223957e+001 2.149244e+001 -1.359000e-002 3.668754e-001 1.872441e-001
<VARIANCE> 9
 1.922482e+000 3.371764e-001 6.246085e-001 4.510567e+001 1.778864e+003 3.257943e+002 5.827382e-004 5.782502e-004 4.733713e-004
<GCONST> 1.015683e+001
<MIXTURE> 4 2.164949e-001
<MEAN> 9
 -5.393754e+000 -9.958250e+000 1.261227e+000 1.103459e+000 -1.115528e+002 1.610350e+001 -2.344227e-002 3.642296e-001 1.893159e-001
<VARIANCE> 9
 2.940187e+000 3.371764e-001 6.930838e-001 2.977951e+001 6.456661e+003 1.617596e+002 4.762525e-004 5.782502e-004 2.701382e-004
<GCONST> 1.009677e+001
<MIXTURE> 5 1.619348e-001
<MEAN> 9
 -6.163022e+000 -1.015236e+001 1.237222e+000 9.823548e+000 -2.012974e+001 3.724547e+001 -4.794193e-004 3.650782e-001 1.760093e-001
<VARIANCE> 9
 1.107899e+000 3.371764e-001 1.126624e+000 6.125186e+001 1.053557e+003 6.145510e+002 6.206227e-004 5.782502e-004 4.503077e-004
<GCONST> 1.062538e+001
<TRANSP> 8
 0.000000e+000 1.000000e+000 0.000000e+000 0.000000e+000 0.000000e+000 0.000000e+000 0.000000e+000 0.000000e+000
 0.000000e+000 8.546247e-001 1.453753e-001 0.000000e+000 0.000000e+000 0.000000e+000 0.000000e+000 0.000000e+000
 0.000000e+000 0.000000e+000 7.769447e-001 2.230553e-001 0.000000e+000 0.000000e+000 0.000000e+000 0.000000e+000
 0.000000e+000 0.000000e+000 0.000000e+000 9.314499e-001 6.855015e-002 0.000000e+000 0.000000e+000 0.000000e+000
 0.000000e+000 0.000000e+000 0.000000e+000 0.000000e+000 9.289135e-001 7.108653e-002 0.000000e+000 0.000000e+000
 0.000000e+000 0.000000e+000 0.000000e+000 0.000000e+000 0.000000e+000 7.052429e-001 2.947571e-001 0.000000e+000
 0.000000e+000 0.000000e+000 0.000000e+000 0.000000e+000 0.000000e+000 0.000000e+000 8.299779e-001 1.700221e-001
 0.000000e+000 0.000000e+000 0.000000e+000 0.000000e+000 0.000000e+000 0.000000e+000 0.000000e+000 0.000000e+000
<ENDHMM>
~h "ssil"
<BEGINHMM>
<NUMSTATES> 8
<STATE> 2
<NUMMIXES> 5
<MIXTURE> 1 2.519459e-001
<MEAN> 9
 -3.118335e+000 -9.837731e+000 4.569197e-001 4.020977e+000 2.135221e+001 -1.501426e+000 -2.215265e-002 3.656069e-001 1.850316e-001
<VARIANCE> 9
 6.696126e-001 3.371764e-001 4.915694e-001 2.977951e+001 7.055643e+002 1.210095e+002 4.762525e-004 5.782502e-004 4.174337e-004
<GCONST> 6.204773e+000
<MIXTURE> 2 2.534318e-001
<MEAN> 9
 -2.798477e+000 -9.763738e+000 5.486927e-002 3.935891e+000 -4.532135e+000 5.584494e-001 -2.018631e-002 3.658219e-001 1.690514e-001
<VARIANCE> 9
 4.705956e-001 3.371764e-001 2.337369e-001 2.977951e+001 2.394562e+002 1.210095e+002 4.762525e-004 5.782502e-004 1.938003e-004
<GCONST> 3.260741e+000
<MIXTURE> 3 1.308274e-001
<MEAN> 9
 -2.695329e+000 -9.636345e+000 1.166810e-001 5.354081e+000 -7.053083e+000 2.802747e+000 -1.655640e-002 3.699232e-001 1.683429e-001
<VARIANCE> 9
 5.788429e-001 3.371764e-001 2.651697e-001 2.977951e+001 1.735356e+002 1.210095e+002 4.762525e-004 5.782502e-004 1.938003e-004
<GCONST> 3.271956e+000
<MIXTURE> 4 2.329672e-001
<MEAN> 9
 -3.223390e+000 -9.877511e+000 3.858152e-001 3.342477e+000 1.003462e+001 -2.317879e+000 -2.407532e-002 3.634777e-001 1.773578e-001
<VARIANCE> 9
 8.062938e-001 3.371764e-001 4.572775e-001 2.977951e+001 5.740100e+002 1.210095e+002 4.762525e-004 5.782502e-004 3.266959e-004
<GCONST> 5.866759e+000
<MIXTURE> 5 1.308274e-001
<MEAN> 9
 -2.999656e+000 -9.868612e+000 -8.929750e-002 3.171257e+000 -1.232240e+001 -1.597426e+000 -2.528568e-002 3.603044e-001 1.627745e-001
<VARIANCE> 9
 5.788429e-001 3.371764e-001 2.651697e-001 2.977951e+001 1.735356e+002 1.210095e+002 4.762525e-004 5.782502e-004 1.938003e-004
<GCONST> 3.271956e+000
<STATE> 3
<NUMMIXES> 5
<MIXTURE> 1 2.476766e-001
<MEAN> 9
 -2.567257e+000 -9.859050e+000 9.896678e-002 3.457905e+000 2.299672e-002 2.642276e-001 -2.663338e-002 3.661431e-001 1.832493e-001
<VARIANCE> 9
 1.491142e-001 3.371764e-001 6.976298e-002 2.977951e+001 3.680466e+001 1.210095e+002 4.762525e-004 5.782502e-004 1.938003e-004
<GCONST> -9.703841e-001
<MIXTURE> 2 1.331712e-001
<MEAN> 9
 -2.485598e+000 -9.741542e+000 1.476621e-001 4.564510e+000 7.895994e-001 2.458273e+000 -2.288191e-002 3.702249e-001 1.848689e-001
<VARIANCE> 9
 1.491142e-001 3.371764e-001 6.976298e-002 2.977951e+001 3.680466e+001 1.210095e+002 4.762525e-004 5.782502e-004 1.938003e-004
<GCONST> -9.703841e-001
<MIXTURE> 3 2.369363e-001
<MEAN> 9
 -2.550877e+000 -9.856874e+000 9.460637e-002 3.485203e+000 -7.359009e-001 2.705980e-001 -2.761873e-002 3.650314e-001 1.812342e-001
<VARIANCE> 9
 1.491142e-001 3.371764e-001 6.976298e-002 2.977951e+001 3.680466e+001 1.210095e+002 4.762525e-004 5.782502e-004 1.938003e-004
<GCONST> -9.703841e-001
<MIXTURE> 4 2.490446e-001
<MEAN> 9
 -2.565359e+000 -9.853037e+000 8.753249e-002 3.496008e+000 -8.519033e-001 2.628275e-001 -2.767374e-002 3.644978e-001 1.811327e-001
<VARIANCE> 9
 1.491142e-001 3.371764e-001 6.976298e-002 2.977951e+001 3.680466e+001 1.210095e+002 4.762525e-004 5.782502e-004 1.938003e-004
<GCONST> -9.703841e-001
<MIXTURE> 5 1.331712e-001
<MEAN> 9
 -2.640060e+000 -9.973809e+000 4.201133e-002 2.381686e+000 -1.637074e+000 -1.941900e+000 -3.161119e-002 3.606061e-001 1.793005e-001
<VARIANCE> 9
 1.491142e-001 3.371764e-001 6.976298e-002 2.977951e+001 3.680466e+001 1.210095e+002 4.762525e-004 5.782502e-004 1.938003e-004
<GCONST> -9.703841e-001
<STATE> 4
<NUMMIXES> 5
<MIXTURE> 1 2.450030e-001
<MEAN> 9
 -2.030299e+000 -9.995845e+000 4.614601e-001 3.245713e+000 7.428175e-002 2.208219e-001 -5.266417e-002 3.602003e-001 1.849128e-001
<VARIANCE> 9
 1.491142e-001 3.371764e-001 6.976298e-002 2.977951e+001 3.680466e+001 1.210095e+002 4.762525e-004 5.782502e-004 1.938003e-004
<GCONST> -9.703841e-001
<MIXTURE> 2 2.493929e-001
<MEAN> 9
 -1.975533e+000 -1.000241e+001 5.108232e-001 3.252120e+000 8.254999e-002 2.131290e-001 -5.403228e-002 3.601135e-001 1.802935e-001
<VARIANCE> 9
 1.491142e-001 3.371764e-001 6.976298e-002 2.977951e+001 3.680466e+001 1.210095e+002 4.762525e-004 5.782502e-004 2.064361e-004
<GCONST> -9.072213e-001
<MIXTURE> 3 1.282371e-001
<MEAN> 9
 -1.916076e+000 -9.883926e+000 5.299548e-001 4.350163e+000 1.085754e+000 2.411943e+000 -4.950351e-002 3.640501e-001 1.841661e-001
<VARIANCE> 9
 1.491142e-001 3.371764e-001 6.976298e-002 2.977951e+001 3.680466e+001 1.210095e+002 4.762525e-004 5.782502e-004 1.938003e-004
<GCONST> -9.703841e-001
<MIXTURE> 4 2.491294e-001
<MEAN> 9
 -1.962518e+000 -1.000388e+001 5.013046e-001 3.263532e+000 -3.155186e-001 2.036725e-001 -5.509521e-002 3.579763e-001 1.766477e-001
<VARIANCE> 9
 1.491142e-001 3.371764e-001 6.976298e-002 2.977951e+001 3.680466e+001 1.210095e+002 4.762525e-004 5.782502e-004 2.036641e-004
<GCONST> -9.207406e-001
<MIXTURE> 5 1.282371e-001
<MEAN> 9
 -2.070538e+000 -1.011619e+001 4.243040e-001 2.167339e+000 -1.340919e+000 -1.988229e+000 -5.823279e-002 3.544313e-001 1.785977e-001
<VARIANCE> 9
 1.491142e-001 3.371764e-001 6.976298e-002 2.977951e+001 3.680466e+001 1.210095e+002 4.762525e-004 5.782502e-004 1.938003e-004
<GCONST> -9.703841e-001
<STATE> 5
<NUMMIXES> 5
<MIXTURE> 1 2.272072e-001
<MEAN> 9
 -2.673041e+000 -9.842293e+000 4.127048e-001 3.176984e+000 -5.088136e-001 6.842327e-002 -2.072355e-002 3.680445e-001 1.701153e-001
<VARIANCE> 9
 1.491142e-001 3.371764e-001 6.976298e-002 2.977951e+001 3.680466e+001 1.210095e+002 4.762525e-004 5.782502e-004 1.938003e-004
<GCONST> -9.703841e-001
<MIXTURE> 2 1.353053e-001
<MEAN> 9
 -2.603407e+000 -9.726393e+000 4.392207e-001 4.246863e+000 5.224642e-001 2.323073e+000 -1.648788e-002 3.720414e-001 1.713453e-001
<VARIANCE> 9
 1.491142e-001 3.371764e-001 6.976298e-002 2.977951e+001 3.680466e+001 1.210095e+002 4.762525e-004 5.782502e-004 1.938003e-004
<GCONST> -9.703841e-001
<MIXTURE> 3 2.698620e-001
<MEAN> 9
 -2.682231e+000 -9.842987e+000 3.634467e-001 3.137355e+000 -8.195748e-001 1.774972e-001 -2.092513e-002 3.667284e-001 1.668503e-001
<VARIANCE> 9
 1.491142e-001 3.371764e-001 6.976298e-002 2.977951e+001 3.680466e+001 1.210095e+002 4.762525e-004 5.782502e-004 1.938003e-004
<GCONST> -9.703841e-001
<MIXTURE> 4 2.323216e-001
<MEAN> 9
 -2.685561e+000 -9.843376e+000 3.639259e-001 3.115521e+000 -1.006122e+000 1.911736e-001 -2.117386e-002 3.662268e-001 1.666290e-001
<VARIANCE> 9
 1.491142e-001 3.371764e-001 6.976298e-002 2.977951e+001 3.680466e+001 1.210095e+002 4.762525e-004 5.782502e-004 1.938003e-004
<GCONST> -9.703841e-001
<MIXTURE> 5 1.353053e-001
<MEAN> 9
 -2.757869e+000 -9.958660e+000 3.335699e-001 2.064039e+000 -1.904210e+000 -2.077100e+000 -2.521716e-002 3.624226e-001 1.657769e-001
<VARIANCE> 9
 1.491142e-001 3.371764e-001 6.976298e-002 2.977951e+001 3.680466e+001 1.210095e+002 4.762525e-004 5.782502e-004 1.938003e-004
<GCONST> -9.703841e-001
<STATE> 6
<NUMMIXES> 5
<MIXTURE> 1 2.616430e-001
<MEAN> 9
 -3.120571e+000 -9.713929e+000 -2.716037e-002 3.305285e+000 7.434294e-002 1.580184e-001 1.602904e-003 3.691517e-001 2.137060e-001
<VARIANCE> 9
 1.491142e-001 3.371764e-001 6.976298e-002 2.977951e+001 3.680466e+001 1.210095e+002 4.762525e-004 5.782502e-004 2.598616e-004
<GCONST> -6.770635e-001
<MIXTURE> 2 2.346397e-001
<MEAN> 9
 -3.112891e+000 -9.713787e+000 -4.789575e-002 3.270926e+000 2.266636e-001 1.775181e-001 3.563534e-004 3.695881e-001 2.050479e-001
<VARIANCE> 9
 1.491142e-001 3.371764e-001 6.976298e-002 2.977951e+001 3.680466e+001 1.210095e+002 4.762525e-004 5.782502e-004 2.878219e-004
<GCONST> -5.748706e-001
<MIXTURE> 3 1.342388e-001
<MEAN> 9
 -3.050010e+000 -9.593249e+000 -1.619634e-002 4.368979e+000 1.300511e+000 2.350631e+000 4.901051e-003 3.735635e-001 2.089992e-001
<VARIANCE> 9
 1.491142e-001 3.371764e-001 6.976298e-002 2.977951e+001 3.680466e+001 1.210095e+002 4.762525e-004 5.782502e-004 2.956319e-004
<GCONST> -5.480971e-001
<MIXTURE> 4 2.352396e-001
<MEAN> 9
 -3.138043e+000 -9.704367e+000 -1.221645e-001 3.262392e+000 3.032684e-002 1.377406e-001 -4.413300e-004 3.679258e-001 1.972640e-001
<VARIANCE> 9
 1.491142e-001 3.371764e-001 6.976298e-002 2.977951e+001 3.680466e+001 1.210095e+002 4.762525e-004 5.782502e-004 2.471429e-004
<GCONST> -7.272458e-001
<MIXTURE> 5 1.342388e-001
<MEAN> 9
 -3.204472e+000 -9.825517e+000 -1.218471e-001 2.186155e+000 -1.126163e+000 -2.049542e+000 -3.828232e-003 3.639447e-001 2.021216e-001
<VARIANCE> 9
 1.491142e-001 3.371764e-001 6.976298e-002 2.977951e+001 3.680466e+001 1.210095e+002 4.762525e-004 5.782502e-004 2.956319e-004
<GCONST> -5.480971e-001
<STATE> 7
<NUMMIXES> 5
<MIXTURE> 1 1.589968e-001
<MEAN> 9
 -5.316726e+000 -1.022038e+001 1.865800e+000 1.557179e+001 1.379923e+001 4.030262e+001 9.359783e-003 3.760765e-001 2.036436e-001
<VARIANCE> 9
 8.241447e-001 4.093099e-001 1.553901e+000 1.226947e+002 1.289750e+003 5.559913e+002 4.762525e-004 5.782502e-004 7.667577e-004
<GCONST> 1.190922e+001
<MIXTURE> 2 2.288420e-001
<MEAN> 9
 -3.891684e+000 -9.863694e+000 1.045245e+000 2.121926e+000 -1.541773e+001 6.347726e+000 -1.862277e-002 3.662806e-001 1.920830e-001
<VARIANCE> 9
 1.941991e+000 3.371764e-001 7.327200e-001 2.977951e+001 1.064072e+003 1.210095e+002 5.544891e-004 5.782502e-004 3.426521e-004
<GCONST> 8.034253e+000
<MIXTURE> 3 2.209311e-001
<MEAN> 9
 -5.267510e+000 -1.002884e+001 1.243362e+000 8.298573e+000 -1.602027e+001 2.343155e+001 -1.119532e-002 3.693391e-001 1.940971e-001
<VARIANCE> 9
 1.424120e+000 3.371764e-001 5.928856e-001 6.154665e+001 8.717235e+002 4.277039e+002 7.176028e-004 5.782502e-004 8.211482e-004
<GCONST> 1.043334e+001
<MIXTURE> 4 2.322333e-001
<MEAN> 9
 -4.054765e+000 -9.806953e+000 1.012655e+000 1.273871e+000 -2.535076e+001 5.212873e+000 -2.399123e-002 3.641990e-001 1.869958e-001
<VARIANCE> 9
 2.763933e+000 3.371764e-001 8.310838e-001 2.977951e+001 1.585285e+003 1.210095e+002 5.591951e-004 5.782502e-004 2.081029e-004
<GCONST> 8.421589e+000
<MIXTURE> 5 1.589968e-001
<MEAN> 9
 -5.679856e+000 -1.047628e+001 1.367178e+000 1.114109e+001 -5.660090e-001 3.087084e+001 6.304993e-004 3.664577e-001 1.925674e-001
<VARIANCE> 9
 8.241447e-001 4.093099e-001 1.553901e+000 1.226947e+002 1.289750e+003 5.559913e+002 4.762525e-004 5.782502e-004 7.667577e-004
<GCONST> 1.190922e+001
<TRANSP> 8
 0.000000e+000 1.000000e+000 0.000000e+000 0.000000e+000 0.000000e+000 0.000000e+000 0.000000e+000 0.000000e+000
 0.000000e+000 7.802009e-001 2.197991e-001 0.000000e+000 0.000000e+000 0.000000e+000 0.000000e+000 0.000000e+000
 0.000000e+000 0.000000e+000 9.068027e-001 9.319732e-002 0.000000e+000 0.000000e+000 0.000000e+000 0.000000e+000
 0.000000e+000 0.000000e+000 0.000000e+000 9.660948e-001 3.390522e-002 0.000000e+000 0.000000e+000 0.000000e+000
 0.000000e+000 0.000000e+000 0.000000e+000 0.000000e+000 9.513620e-001 4.863799e-002 0.000000e+000 0.000000e+000
 0.000000e+000 0.000000e+000 0.000000e+000 0.000000e+000 0.000000e+000 9.767862e-001 2.321379e-002 0.000000e+000
 0.000000e+000 0.000000e+000 0.000000e+000 0.000000e+000 0.000000e+000 0.000000e+000 6.822096e-001 3.177904e-001
 0.000000e+000 0.000000e+000 0.000000e+000 0.000000e+000 0.000000e+000 0.000000e+000 0.000000e+000 0.000000e+000
<ENDHMM>
~h "HAU"
<BEGINHMM>
<NUMSTATES> 8
<STATE> 2
<NUMMIXES> 5
<MIXTURE> 1 1.642409e-001
<MEAN> 9
 -7.207319e+000 -1.062933e+001 2.782513e+000 2.116879e+001 -8.842514e+001 2.148079e+002 2.234385e-001 3.610184e-001 2.213098e-001
<VARIANCE> 9
 8.612469e-001 1.118905e+000 1.084123e+000 4.581024e+002 5.421640e+003 8.466469e+002 2.888361e-003 5.782502e-004 1.302614e-003
<GCONST> 1.810522e+001
<MIXTURE> 2 2.438845e-001
<MEAN> 9
 -6.102668e+000 -1.140552e+001 1.405887e+000 2.704625e+000 -1.617731e+002 1.014244e+002 3.785389e-002 3.777283e-001 2.341331e-001
<VARIANCE> 9
 2.504239e+000 4.042523e-001 2.740321e-001 6.502747e+001 4.798312e+003 1.501716e+003 1.308771e-003 5.782502e-004 4.108377e-004
<GCONST> 1.333237e+001
<MIXTURE> 3 1.826812e-001
<MEAN> 9
 -7.404913e+000 -1.199196e+001 1.852295e+000 5.798167e+000 -1.518766e+002 1.869452e+002 1.349460e-001 3.738841e-001 2.272440e-001
<VARIANCE> 9
 1.209270e+000 7.635078e-001 7.177745e-001 1.849609e+002 1.124797e+004 1.152530e+003 2.253395e-003 5.782502e-004 6.010971e-004
<GCONST> 1.675970e+001
<MIXTURE> 4 2.449525e-001
<MEAN> 9
 -6.851451e+000 -1.147143e+001 1.137809e+000 1.626011e+000 -2.021184e+002 9.695035e+001 3.033553e-002 3.765409e-001 2.220656e-001
<VARIANCE> 9
 3.858907e+000 5.141720e-001 2.598277e-001 5.480929e+001 5.420761e+003 2.336792e+003 1.315000e-003 5.782502e-004 2.731187e-004
<GCONST> 1.394170e+001
<MIXTURE> 5 1.642409e-001
<MEAN> 9
 -7.578533e+000 -1.105245e+001 2.366029e+000 1.260746e+001 -1.178779e+002 2.031691e+002 2.019411e-001 3.513996e-001 2.068731e-001
<VARIANCE> 9
 8.612469e-001 1.118905e+000 1.084123e+000 4.581024e+002 5.421640e+003 8.466469e+002 2.888361e-003 5.782502e-004 1.302614e-003
<GCONST> 1.810522e+001
<STATE> 3
<NUMMIXES> 5
<MIXTURE> 1 1.402887e-001
<MEAN> 9
 -6.149967e+000 -3.204675e-001 1.635399e+000 4.037999e+001 9.901466e+001 2.181252e+002 5.069612e-001 3.914636e-002 1.989321e-001
<VARIANCE> 9
 2.795030e+000 3.793975e+000 1.695237e+000 1.005483e+003 4.155618e+003 2.677762e+003 4.762525e-004 7.459763e-003 1.739374e-003
<GCONST> 2.366613e+001
<MIXTURE> 2 2.082879e-001
<MEAN> 9
 -8.124655e+000 -6.015931e+000 3.321988e+000 5.359578e+001 1.449075e+001 2.289640e+002 4.020609e-001 2.330334e-001 1.518511e-001
<VARIANCE> 9
 6.550233e-001 4.293046e+000 9.545946e-001 5.484406e+002 2.591733e+003 7.746274e+002 3.471092e-003 4.869462e-003 1.635843e-003
<GCONST> 2.094423e+001
<MIXTURE> 3 2.542588e-001
<MEAN> 9
 -8.203096e+000 -6.579609e+000 2.535671e+000 2.446551e+001 -1.919733e+001 2.044170e+002 3.803195e-001 2.550955e-001 2.013095e-001
<VARIANCE> 9
 3.473577e-001 4.019686e+000 1.091876e+000 7.790334e+002 1.005512e+003 8.798113e+002 3.723189e-003 4.457831e-003 2.288818e-003
<GCONST> 2.022762e+001
<MIXTURE> 4 2.568761e-001
<MEAN> 9
 -6.678628e+000 -5.118270e-001 1.277552e+000 2.959638e+001 6.166843e+001 1.802420e+002 5.014076e-001 2.012828e-002 1.933370e-001
<VARIANCE> 9
 2.280654e+000 4.755964e+000 1.820948e+000 8.460873e+002 4.166395e+003 3.363571e+003 5.034980e-004 8.558358e-003 1.567290e-003
<GCONST> 2.390712e+001
<MIXTURE> 5 1.402887e-001
<MEAN> 9
 -6.818701e+000 -1.099593e+000 1.114593e+000 2.769625e+001 7.322903e+001 1.974264e+002 4.982319e-001 4.598396e-003 1.822497e-001
<VARIANCE> 9
 2.795030e+000 3.793975e+000 1.695237e+000 1.005483e+003 4.155618e+003 2.677762e+003 4.762525e-004 7.459763e-003 1.739374e-003
<GCONST> 2.366613e+001
<STATE> 4
<NUMMIXES> 5
<MIXTURE> 1 2.381796e-001
<MEAN> 9
 -7.091930e+000 3.026840e+000 2.059905e+000 4.444054e+000 4.350688e+000 7.576055e+000 5.077202e-001 -9.003752e-002 2.450641e-001
<VARIANCE> 9
 1.367333e+001 8.467919e-001 4.156613e-001 1.426900e+002 5.277115e+002 2.898950e+003 4.762525e-004 1.684363e-003 2.533110e-004
<GCONST> 1.499666e+001
<MIXTURE> 2 1.414043e-001
<MEAN> 9
 -7.856764e+000 4.151085e+000 1.976392e+000 8.196626e+000 3.009820e-002 -6.257266e+000 5.055444e-001 -1.099715e-001 2.498263e-001
<VARIANCE> 9
 3.049375e+000 1.298116e+000 1.340412e-001 5.972730e+001 1.178646e+002 5.274244e+002 4.762525e-004 2.871467e-003 1.938003e-004
<GCONST> 8.983291e+000
<MIXTURE> 3 2.413036e-001
<MEAN> 9
 -7.858624e+000 4.173376e+000 1.855053e+000 6.226310e+000 -6.312354e+000 -1.014486e+001 4.980364e-001 -1.359994e-001 2.467368e-001
<VARIANCE> 9
 3.725188e+000 1.297525e+000 1.893248e-001 7.256754e+001 2.119322e+002 8.979171e+002 4.762525e-004 2.806308e-003 1.938003e-004
<GCONST> 1.081891e+001
<MIXTURE> 4 2.377083e-001
<MEAN> 9
 -7.466319e+000 3.128748e+000 1.932849e+000 2.017743e+000 -4.595956e+000 -3.512702e+000 5.056311e-001 -9.728674e-002 2.464051e-001
<VARIANCE> 9
 1.308637e+001 8.832245e-001 4.508441e-001 1.613878e+002 5.309319e+002 3.007988e+003 4.762525e-004 2.133205e-003 2.069937e-004
<GCONST> 1.527661e+001
<MIXTURE> 5 1.414043e-001
<MEAN> 9
 -8.555263e+000 3.695345e+000 1.829946e+000 5.105289e+000 -4.312520e+000 -1.544355e+001 4.968151e-001 -1.314059e-001 2.442579e-001
<VARIANCE> 9
 3.049375e+000 1.298116e+000 1.340412e-001 5.972730e+001 1.178646e+002 5.274244e+002 4.762525e-004 2.871467e-003 1.938003e-004
<GCONST> 8.983291e+000
<STATE> 5
<NUMMIXES> 5
<MIXTURE> 1 2.671620e-001
<MEAN> 9
 -6.608169e+000 1.535355e+000 1.961339e+000 2.904508e+001 -5.894218e+001 -9.261420e+001 5.137837e-001 -4.195865e-002 2.175424e-001
<VARIANCE> 9
 1.779135e+000 3.371764e-001 4.858467e-001 1.379939e+002 8.679481e+002 1.331837e+003 4.762525e-004 1.685685e-003 6.357723e-004
<GCONST> 1.279985e+001
<MIXTURE> 2 1.916793e-001
<MEAN> 9
 -7.288522e+000 -2.582432e-001 1.987941e+000 1.612401e+001 -2.981908e+001 -1.532323e+002 5.054461e-001 5.948591e-002 1.714133e-001
<VARIANCE> 9
 2.101034e+000 7.044079e-001 4.264096e-001 1.278660e+002 9.612366e+002 1.196561e+003 4.762525e-004 1.679243e-003 5.015480e-004
<GCONST> 1.325020e+001
<MIXTURE> 3 1.482043e-001
<MEAN> 9
 -7.163568e+000 -8.148082e-001 2.098809e+000 1.204361e+001 -1.399320e+001 -1.590812e+002 4.987333e-001 1.087820e-001 1.648165e-001
<VARIANCE> 9
 2.094558e+000 8.558617e-001 3.599778e-001 1.194173e+002 1.619926e+003 1.050727e+003 4.762525e-004 1.748413e-003 8.505424e-004
<GCONST> 1.416463e+001
<MIXTURE> 4 2.447497e-001
<MEAN> 9
 -6.589093e+000 1.254336e+000 1.732625e+000 3.004003e+001 -6.846880e+001 -1.142587e+002 5.146553e-001 -2.905048e-002 2.077791e-001
<VARIANCE> 9
 1.771866e+000 4.206564e-001 3.579938e-001 1.367462e+002 9.339727e+002 1.608207e+003 4.762525e-004 1.703120e-003 5.840490e-004
<GCONST> 1.288981e+001
<MIXTURE> 5 1.482043e-001
<MEAN> 9
 -7.742472e+000 -1.184859e+000 1.858817e+000 7.672479e+000 -3.009252e+001 -1.720472e+002 4.900040e-001 9.205639e-002 1.531509e-001
<VARIANCE> 9
 2.094558e+000 8.558617e-001 3.599778e-001 1.194173e+002 1.619926e+003 1.050727e+003 4.762525e-004 1.748413e-003 8.505424e-004
<GCONST> 1.416463e+001
<STATE> 6
<NUMMIXES> 5
<MIXTURE> 1 1.345773e-001
<MEAN> 9
 -7.484537e+000 -8.266685e+000 1.236591e+000 3.242452e+001 6.436444e+001 -1.414641e+002 2.519031e-001 3.529667e-001 2.180285e-001
<VARIANCE> 9
 1.194848e+000 4.103918e+000 1.419718e+000 2.826473e+002 5.828414e+002 2.181023e+003 8.072413e-003 1.135855e-003 5.688711e-004
<GCONST> 1.910945e+001
<MIXTURE> 2 2.067621e-001
<MEAN> 9
 -8.800900e+000 -5.184417e+000 2.196137e+000 7.820037e+000 3.797955e+001 -1.666836e+002 3.858009e-001 2.499174e-001 1.771120e-001
<VARIANCE> 9
 2.536616e+000 3.620572e+000 1.408523e+000 2.063182e+002 2.705553e+003 2.066969e+003 5.112599e-003 3.846785e-003 1.177500e-003
<GCONST> 2.238630e+001
<MIXTURE> 3 2.656727e-001
<MEAN> 9
 -8.989526e+000 -4.832377e+000 2.483571e+000 3.816336e+000 1.889715e+001 -1.739576e+002 3.925188e-001 2.454311e-001 1.531625e-001
<VARIANCE> 9
 2.140714e+000 3.368008e+000 1.317508e+000 1.705811e+002 1.646569e+003 9.188076e+002 4.154938e-003 3.238915e-003 1.805551e-003
<GCONST> 2.062797e+001
<MIXTURE> 4 2.584106e-001
<MEAN> 9
 -7.959068e+000 -9.033934e+000 7.792307e-001 2.704287e+001 5.654034e+001 -1.688486e+002 2.281769e-001 3.462260e-001 2.074247e-001
<VARIANCE> 9
 1.353990e+000 4.797656e+000 1.523529e+000 3.914031e+002 6.739576e+002 1.560711e+003 9.313262e-003 1.415124e-003 8.514547e-004
<GCONST> 2.036349e+001
<MIXTURE> 5 1.345773e-001
<MEAN> 9
 -7.921773e+000 -9.077010e+000 7.599832e-001 2.569968e+001 5.470760e+001 -1.601447e+002 2.159645e-001 3.394857e-001 2.084881e-001
<VARIANCE> 9
 1.194848e+000 4.103918e+000 1.419718e+000 2.826473e+002 5.828414e+002 2.181023e+003 8.072413e-003 1.135855e-003 5.688711e-004
<GCONST> 1.910945e+001
<STATE> 7
<NUMMIXES> 5
<MIXTURE> 1 2.225153e-001
<MEAN> 9
 -4.845000e+000 -9.990920e+000 1.276876e+000 7.945449e+000 6.311465e+001 -7.377197e+001 6.109820e-002 3.769140e-001 1.958645e-001
<VARIANCE> 9
 1.067405e+000 3.371764e-001 3.557696e-001 1.715710e+002 1.091034e+003 1.348466e+003 3.087640e-003 5.782502e-004 1.938003e-004
<GCONST> 1.204757e+001
<MIXTURE> 2 2.700567e-001
<MEAN> 9
 -4.701350e+000 -1.015763e+001 1.351140e+000 -2.257302e+000 6.398922e+001 -5.622900e+001 2.733710e-002 3.758391e-001 1.843788e-001
<VARIANCE> 9
 1.046981e+000 3.371764e-001 3.949759e-001 1.064687e+002 1.060570e+003 1.026843e+003 1.432667e-003 5.782502e-004 1.938003e-004
<GCONST> 1.058698e+001
<MIXTURE> 3 1.358186e-001
<MEAN> 9
 -5.212488e+000 -1.031062e+001 1.382771e+000 1.936685e+000 8.767738e+001 -6.843316e+001 5.110522e-002 3.799693e-001 1.803300e-001
<VARIANCE> 9
 1.103883e+000 3.371764e-001 1.029673e+000 1.030323e+002 1.212254e+003 1.381587e+003 2.271325e-003 5.782502e-004 1.938003e-004
<GCONST> 1.245651e+001
<MIXTURE> 4 2.357905e-001
<MEAN> 9
 -4.924738e+000 -1.019464e+001 1.173544e+000 1.274179e+000 5.566697e+001 -7.065500e+001 4.491166e-002 3.755115e-001 1.894865e-001
<VARIANCE> 9
 1.305380e+000 3.371764e-001 2.191850e-001 1.650620e+002 8.930307e+002 1.498285e+003 2.446947e-003 5.782502e-004 2.096838e-004
<GCONST> 1.147709e+001
<MIXTURE> 5 1.358186e-001
<MEAN> 9
 -5.632751e+000 -1.054288e+001 9.768794e-001 -2.123508e+000 7.375041e+001 -8.330105e+001 3.204186e-002 3.703505e-001 1.747616e-001
<VARIANCE> 9
 1.103883e+000 3.371764e-001 1.029673e+000 1.030323e+002 1.212254e+003 1.381587e+003 2.271325e-003 5.782502e-004 1.938003e-004
<GCONST> 1.245651e+001
<TRANSP> 8
 0.000000e+000 1.000000e+000 0.000000e+000 0.000000e+000 0.000000e+000 0.000000e+000 0.000000e+000 0.000000e+000
 0.000000e+000 9.172480e-001 8.275203e-002 0.000000e+000 0.000000e+000 0.000000e+000 0.000000e+000 0.000000e+000
 0.000000e+000 0.000000e+000 9.400474e-001 5.995256e-002 0.000000e+000 0.000000e+000 0.000000e+000 0.000000e+000
 0.000000e+000 0.000000e+000 0.000000e+000 9.592057e-001 4.079437e-002 0.000000e+000 0.000000e+000 0.000000e+000
 0.000000e+000 0.000000e+000 0.000000e+000 0.000000e+000 9.094482e-001 9.055174e-002 0.000000e+000 0.000000e+000
 0.000000e+000 0.000000e+000 0.000000e+000 0.000000e+000 0.000000e+000 9.426563e-001 5.734369e-002 0.000000e+000
 0.000000e+000 0.000000e+000 0.000000e+000 0.000000e+000 0.000000e+000 0.000000e+000 9.192533e-001 8.074668e-002
 0.000000e+000 0.000000e+000 0.000000e+000 0.000000e+000 0.000000e+000 0.000000e+000 0.000000e+000 0.000000e+000
<ENDHMM>
