~o <VecSize> 9 <USER>
~h "GM"
<BeginHMM>
  <NumStates> 8
  <State> 2
    <Mean> 9
      0.0 0.0 0.0 0.0 0.0 0.0 0.0 0.0 0.0 
    <Variance> 9
      1.0 1.0 1.0 1.0 1.0 1.0 1.0 1.0 1.0 
 <State> 3
    <Mean> 9
      0.0 0.0 0.0 0.0 0.0 0.0 0.0 0.0 0.0 
    <Variance> 9
      1.0 1.0 1.0 1.0 1.0 1.0 1.0 1.0 1.0 
 <State> 4
    <Mean> 9
      0.0 0.0 0.0 0.0 0.0 0.0 0.0 0.0 0.0 
    <Variance> 9
      1.0 1.0 1.0 1.0 1.0 1.0 1.0 1.0 1.0 
 <State> 5
    <Mean> 9
      0.0 0.0 0.0 0.0 0.0 0.0 0.0 0.0 0.0 
    <Variance> 9
      1.0 1.0 1.0 1.0 1.0 1.0 1.0 1.0 1.0 
 <State> 6
    <Mean> 9
      0.0 0.0 0.0 0.0 0.0 0.0 0.0 0.0 0.0 
    <Variance> 9
      1.0 1.0 1.0 1.0 1.0 1.0 1.0 1.0 1.0 
 <State> 7
    <Mean> 9
      0.0 0.0 0.0 0.0 0.0 0.0 0.0 0.0 0.0 
    <Variance> 9
      1.0 1.0 1.0 1.0 1.0 1.0 1.0 1.0 1.0 
 <TransP> 8
  0.0 1.0 0.0 0.0 0.0 0.0 0.0 0.0
  0.0 0.6 0.4 0.0 0.0 0.0 0.0 0.0
  0.0 0.0 0.6 0.4 0.0 0.0 0.0 0.0
  0.0 0.0 0.0 0.7 0.3 0.0 0.0 0.0
  0.0 0.0 0.0 0.0 0.7 0.3 0.0 0.0
  0.0 0.0 0.0 0.0 0.0 0.8 0.2 0.0
  0.0 0.0 0.0 0.0 0.0 0.0 0.8 0.2
  0.0 0.0 0.0 0.0 0.0 0.0 0.0 0.0
<EndHMM>
