~o
<STREAMINFO> 1 9
<VECSIZE> 9<NULLD><USER><DIAGC>
~h "GA"
<BEGINHMM>
<NUMSTATES> 8
<STATE> 2
<NUMMIXES> 4
<MIXTURE> 1 2.406844e-001
<MEAN> 9
 -8.356783e+000 -9.430326e+000 3.611998e-001 2.790896e+001 4.794111e+001 1.735975e+002 1.369078e-001 3.674163e-001 1.663832e-001
<VARIANCE> 9
 3.021756e+000 1.896111e+000 2.911999e+000 8.597006e+002 3.610672e+003 3.892302e+003 7.880478e-003 5.782502e-004 2.193603e-004
<GCONST> 2.184670e+001
<MIXTURE> 2 2.481630e-001
<MEAN> 9
 -9.444923e+000 -9.122338e+000 -5.284063e-001 -4.592564e+000 -6.056676e+000 1.886707e+002 1.703455e-001 3.556806e-001 1.592033e-001
<VARIANCE> 9
 3.222329e+000 2.255358e+000 2.270928e+000 8.794142e+002 4.624329e+003 3.341718e+003 1.058361e-002 6.433859e-004 1.938003e-004
<GCONST> 2.223118e+001
<MIXTURE> 3 2.704683e-001
<MEAN> 9
 -9.585258e+000 -9.226054e+000 -4.352867e-001 -1.251565e+001 -3.855811e+001 1.805044e+002 1.690323e-001 3.514282e-001 1.575150e-001
<VARIANCE> 9
 3.697786e+000 1.880321e+000 1.584501e+000 8.531429e+002 4.079691e+003 4.125392e+003 1.395111e-002 7.578673e-004 1.938003e-004
<GCONST> 2.232208e+001
<MIXTURE> 4 2.406844e-001
<MEAN> 9
 -9.052111e+000 -9.981123e+000 -3.213834e-001 1.618070e+001 2.390557e+001 1.486421e+002 1.013990e-001 3.577975e-001 1.604588e-001
<VARIANCE> 9
 3.021756e+000 1.896111e+000 2.911999e+000 8.597006e+002 3.610672e+003 3.892302e+003 7.880478e-003 5.782502e-004 2.193603e-004
<GCONST> 2.184670e+001
<STATE> 3
<NUMMIXES> 4
<MIXTURE> 1 2.869885e-001
<MEAN> 9
 -7.157149e+000 7.087605e-001 -1.624767e+000 -1.214835e+002 9.774446e+000 1.426583e+002 4.982541e-001 1.472678e-003 2.538413e-001
<VARIANCE> 9
 1.404723e+000 4.023273e+000 7.321221e+000 1.486127e+003 3.870126e+002 3.514530e+003 5.084049e-004 8.162987e-003 1.115771e-003
<GCONST> 2.250007e+001
<MIXTURE> 2 2.340027e-001
<MEAN> 9
 -8.467779e+000 -1.371821e+000 8.578361e-001 -9.605699e+001 -3.956315e+000 1.631120e+002 4.711612e-001 9.795630e-002 2.146943e-001
<VARIANCE> 9
 1.659515e+000 7.173591e+000 1.408393e+001 1.873984e+003 1.481251e+003 1.291013e+004 3.468776e-003 2.906362e-002 1.655309e-003
<GCONST> 3.035910e+001
<MIXTURE> 3 2.450059e-001
<MEAN> 9
 -7.527033e+000 6.034122e-001 -1.769108e+000 -1.318738e+002 7.333541e-001 1.263920e+002 4.901482e-001 3.072540e-003 2.547982e-001
<VARIANCE> 9
 1.214957e+000 5.041635e+000 7.517957e+000 1.479789e+003 7.161493e+002 5.729203e+003 7.096693e-004 1.254134e-002 1.220244e-003
<GCONST> 2.455936e+001
<MIXTURE> 4 2.340027e-001
<MEAN> 9
 -8.983068e+000 -2.443163e+000 -6.433064e-001 -1.133728e+002 -1.935112e+001 1.176629e+002 4.476027e-001 2.976408e-002 1.984201e-001
<VARIANCE> 9
 1.659515e+000 7.173591e+000 1.408393e+001 1.873984e+003 1.481251e+003 1.291013e+004 3.468776e-003 2.906362e-002 1.655309e-003
<GCONST> 3.035910e+001
<STATE> 4
<NUMMIXES> 4
<MIXTURE> 1 3.295113e-001
<MEAN> 9
 -8.505255e+000 3.787622e+000 2.777541e+000 -7.379456e+000 2.092842e+000 2.064871e+001 5.057555e-001 -1.633544e-001 1.981405e-001
<VARIANCE> 9
 4.253516e+000 2.237290e+000 1.258309e+000 2.629969e+002 2.486838e+003 6.954680e+002 4.762525e-004 5.782502e-004 1.604954e-003
<GCONST> 1.741944e+001
<MIXTURE> 2 2.015579e-001
<MEAN> 9
 -5.919604e+000 4.835696e+000 3.949683e+000 -3.438630e+001 -1.666948e+002 8.970937e+001 4.647320e-001 -2.131599e-001 1.325280e-001
<VARIANCE> 9
 2.016040e+001 2.655079e+000 4.231366e+000 2.358761e+002 2.528214e+004 1.001681e+003 1.641288e-003 3.091902e-003 1.801197e-002
<GCONST> 2.826625e+001
<MIXTURE> 3 2.673726e-001
<MEAN> 9
 -9.221869e+000 3.401277e+000 2.800416e+000 -1.573940e+001 -1.988253e+001 3.187594e+001 5.022382e-001 -1.683173e-001 1.953679e-001
<VARIANCE> 9
 6.388595e+000 2.713450e+000 1.889222e+000 3.293851e+002 5.541810e+003 8.547086e+002 4.762525e-004 7.749511e-004 3.105846e-003
<GCONST> 2.061111e+001
<MIXTURE> 4 2.015579e-001
<MEAN> 9
 -7.715618e+000 4.183920e+000 3.126871e+000 -4.052960e+001 -2.302962e+002 7.704963e+001 4.485268e-001 -2.354019e-001 7.884456e-002
<VARIANCE> 9
 2.016040e+001 2.655079e+000 4.231366e+000 2.358761e+002 2.528214e+004 1.001681e+003 1.641288e-003 3.091902e-003 1.801197e-002
<GCONST> 2.826625e+001
<STATE> 5
<NUMMIXES> 4
<MIXTURE> 1 2.778912e-001
<MEAN> 9
 -1.191518e-001 4.748015e+000 7.485767e+000 8.040744e+000 -2.551079e+001 1.687837e-002 3.145413e-001 -2.319137e-001 -1.688855e-001
<VARIANCE> 9
 9.238354e+000 1.283081e+000 5.514156e-001 8.851488e+001 1.630488e+003 4.163310e+003 3.808780e-003 9.003141e-003 4.525444e-003
<GCONST> 2.295346e+001
<MIXTURE> 2 2.416101e-001
<MEAN> 9
 -1.836195e+000 3.833265e+000 7.724660e+000 -4.871572e+000 -1.629339e+001 -5.591484e+001 3.400580e-001 -1.704052e-001 -1.892137e-001
<VARIANCE> 9
 1.575197e+001 2.093385e+000 1.616153e+000 1.811053e+002 3.070336e+003 6.885740e+003 3.021669e-003 5.207952e-003 1.757311e-003
<GCONST> 2.517904e+001
<MIXTURE> 3 2.388882e-001
<MEAN> 9
 -8.045089e-002 4.581904e+000 7.368824e+000 4.263682e+000 -2.785373e+001 -1.670484e+001 3.056701e-001 -2.325472e-001 -1.770941e-001
<VARIANCE> 9
 1.042801e+001 1.584202e+000 7.266981e-001 1.286032e+002 1.934087e+003 5.969662e+003 4.422124e-003 7.877151e-003 4.085345e-003
<GCONST> 2.437952e+001
<MIXTURE> 4 2.416101e-001
<MEAN> 9
 -3.423745e+000 3.254523e+000 7.216148e+000 -1.025459e+001 -3.845763e+001 -8.910699e+001 3.180701e-001 -1.992716e-001 -2.059819e-001
<VARIANCE> 9
 1.575197e+001 2.093385e+000 1.616153e+000 1.811053e+002 3.070336e+003 6.885740e+003 3.021669e-003 5.207952e-003 1.757311e-003
<GCONST> 2.517904e+001
<STATE> 6
<NUMMIXES> 4
<MIXTURE> 1 2.896550e-001
<MEAN> 9
 -3.671754e+000 -1.667744e-002 4.966229e+000 -4.772924e+001 7.528608e+001 -1.437623e+002 3.992865e-001 -1.569293e-003 -1.600022e-001
<VARIANCE> 9
 3.635703e+000 2.464979e+000 4.780006e-001 6.383218e+002 1.422587e+003 2.913485e+003 4.762525e-004 6.070262e-003 1.996557e-003
<GCONST> 2.072167e+001
<MIXTURE> 2 2.399613e-001
<MEAN> 9
 -7.080907e+000 -4.452136e+000 6.117181e+000 -8.128343e+001 8.229870e+001 -2.265106e+002 3.619317e-001 2.254757e-001 -4.588051e-002
<VARIANCE> 9
 3.609608e+000 7.292974e+000 6.781388e-001 1.901546e+002 1.243073e+003 4.677014e+002 2.700338e-003 8.987576e-003 4.029609e-003
<GCONST> 2.180363e+001
<MIXTURE> 3 2.304224e-001
<MEAN> 9
 -3.850427e+000 -1.961964e-001 5.183286e+000 -5.682914e+001 6.572619e+001 -1.553377e+002 3.967465e-001 8.287501e-003 -1.587074e-001
<VARIANCE> 9
 4.107328e+000 3.111451e+000 5.902259e-001 5.866561e+002 1.350667e+003 2.890603e+003 4.762525e-004 7.349459e-003 2.211237e-003
<GCONST> 2.143662e+001
<MIXTURE> 4 2.399613e-001
<MEAN> 9
 -7.840865e+000 -5.532356e+000 5.787784e+000 -8.679930e+001 6.819581e+001 -2.351612e+002 3.411457e-001 1.875545e-001 -7.127219e-002
<VARIANCE> 9
 3.609608e+000 7.292974e+000 6.781388e-001 1.901546e+002 1.243073e+003 4.677014e+002 2.700338e-003 8.987576e-003 4.029609e-003
<GCONST> 2.180363e+001
<STATE> 7
<NUMMIXES> 4
<MIXTURE> 1 2.283408e-001
<MEAN> 9
 -5.632379e+000 -1.025113e+001 2.326531e+000 -2.932982e+001 1.273146e+002 -5.893826e+001 2.318646e-002 3.715117e-001 1.726869e-001
<VARIANCE> 9
 3.103827e+000 6.897823e-001 1.238364e+000 4.912132e+002 4.025290e+003 3.254355e+003 4.637140e-003 5.782502e-004 2.780492e-004
<GCONST> 1.908405e+001
<MIXTURE> 2 2.417510e-001
<MEAN> 9
 -7.647245e+000 -1.092946e+001 3.116050e+000 -5.329582e+001 1.042054e+002 -1.860790e+002 1.299876e-001 3.613985e-001 1.218637e-001
<VARIANCE> 9
 3.033563e+000 1.627630e+000 1.793996e+000 7.433959e+002 2.880909e+003 3.608727e+003 1.036945e-002 5.782502e-004 1.674211e-003
<GCONST> 2.307359e+001
<MIXTURE> 3 3.015672e-001
<MEAN> 9
 -7.638468e+000 -1.128519e+001 3.073786e+000 -6.010588e+001 1.067957e+002 -1.983435e+002 1.225236e-001 3.631612e-001 1.136318e-001
<VARIANCE> 9
 2.736073e+000 1.636012e+000 2.117125e+000 6.457742e+002 2.835077e+003 2.203069e+003 8.661398e-003 5.782502e-004 1.551309e-003
<GCONST> 2.223458e+001
<MIXTURE> 4 2.283408e-001
<MEAN> 9
 -6.337086e+000 -1.058335e+001 1.881404e+000 -3.819516e+001 1.019366e+002 -8.175705e+001 -4.052165e-003 3.618929e-001 1.660170e-001
<VARIANCE> 9
 3.103827e+000 6.897823e-001 1.238364e+000 4.912132e+002 4.025290e+003 3.254355e+003 4.637140e-003 5.782502e-004 2.780492e-004
<GCONST> 1.908405e+001
<TRANSP> 8
 0.000000e+000 1.000000e+000 0.000000e+000 0.000000e+000 0.000000e+000 0.000000e+000 0.000000e+000 0.000000e+000
 0.000000e+000 9.259121e-001 7.408792e-002 0.000000e+000 0.000000e+000 0.000000e+000 0.000000e+000 0.000000e+000
 0.000000e+000 0.000000e+000 9.519533e-001 4.804675e-002 0.000000e+000 0.000000e+000 0.000000e+000 0.000000e+000
 0.000000e+000 0.000000e+000 0.000000e+000 9.500445e-001 4.995557e-002 0.000000e+000 0.000000e+000 0.000000e+000
 0.000000e+000 0.000000e+000 0.000000e+000 0.000000e+000 9.745588e-001 2.544125e-002 0.000000e+000 0.000000e+000
 0.000000e+000 0.000000e+000 0.000000e+000 0.000000e+000 0.000000e+000 9.380431e-001 6.195692e-002 0.000000e+000
 0.000000e+000 0.000000e+000 0.000000e+000 0.000000e+000 0.000000e+000 0.000000e+000 9.401734e-001 5.982658e-002
 0.000000e+000 0.000000e+000 0.000000e+000 0.000000e+000 0.000000e+000 0.000000e+000 0.000000e+000 0.000000e+000
<ENDHMM>
~h "GM"
<BEGINHMM>
<NUMSTATES> 8
<STATE> 2
<NUMMIXES> 4
<MIXTURE> 1 2.633992e-001
<MEAN> 9
 -9.172626e+000 -8.634734e+000 2.129617e-001 -4.409994e+000 4.220917e+000 2.242344e+002 2.280100e-001 3.521553e-001 2.108894e-001
<VARIANCE> 9
 4.384130e+000 6.949074e+000 3.613364e+000 7.127684e+002 4.192876e+003 5.611445e+003 1.434689e-002 1.858456e-003 2.876156e-004
<GCONST> 2.609888e+001
<MIXTURE> 2 2.324581e-001
<MEAN> 9
 -8.775635e+000 -8.687900e+000 -2.196071e-001 -2.242926e+001 -3.523115e+001 1.702741e+002 1.925676e-001 3.410036e-001 2.000715e-001
<VARIANCE> 9
 2.683384e+000 6.035347e+000 2.139668e+000 5.730579e+002 4.322106e+003 4.170929e+003 1.801995e-002 2.438869e-003 3.762750e-004
<GCONST> 2.522695e+001
<MIXTURE> 3 2.407436e-001
<MEAN> 9
 -8.905258e+000 -8.232812e+000 -3.764524e-001 -3.218346e+001 -5.190670e+001 1.603462e+002 2.156603e-001 3.299016e-001 1.928016e-001
<VARIANCE> 9
 2.276739e+000 6.606918e+000 1.540351e+000 7.134673e+002 4.329302e+003 2.378525e+003 2.044372e-002 3.040344e-003 2.584778e-004
<GCONST> 2.445473e+001
<MIXTURE> 4 2.633992e-001
<MEAN> 9
 -1.001016e+001 -9.689178e+000 -5.473923e-001 -1.508908e+001 -2.168005e+001 1.942706e+002 1.800986e-001 3.349113e-001 2.041057e-001
<VARIANCE> 9
 4.384130e+000 6.949074e+000 3.613364e+000 7.127684e+002 4.192876e+003 5.611445e+003 1.434689e-002 1.858456e-003 2.876156e-004
<GCONST> 2.609888e+001
<STATE> 3
<NUMMIXES> 4
<MIXTURE> 1 2.672889e-001
<MEAN> 9
 -6.366699e+000 3.523373e-001 1.127186e+000 -7.630966e+001 -1.995505e+001 1.199438e+002 5.146214e-001 -6.223664e-003 2.164366e-001
<VARIANCE> 9
 1.647890e+000 1.733355e+000 2.512883e+000 9.434056e+002 4.521613e+002 4.835151e+003 4.762525e-004 5.104986e-003 1.105688e-003
<GCONST> 2.022470e+001
<MIXTURE> 2 2.432980e-001
<MEAN> 9
 -7.465318e+000 5.097805e-001 2.825034e-001 -8.927272e+001 -1.373889e+001 1.538435e+002 4.989967e-001 5.897695e-002 2.167208e-001
<VARIANCE> 9
 7.342845e-001 4.228102e+000 8.033346e+000 1.181388e+003 6.541866e+002 6.942923e+003 1.044490e-003 1.461830e-002 1.071968e-003
<GCONST> 2.423274e+001
<MIXTURE> 3 2.461152e-001
<MEAN> 9
 -6.878724e+000 7.007979e-001 1.098253e+000 -9.022653e+001 -1.834561e+001 1.002267e+002 5.128294e-001 -2.061730e-002 2.076877e-001
<VARIANCE> 9
 1.285036e+000 1.989942e+000 4.494157e+000 1.292206e+003 4.504432e+002 4.089875e+003 4.762525e-004 7.358681e-003 1.146542e-003
<GCONST> 2.124073e+001
<MIXTURE> 4 2.432980e-001
<MEAN> 9
 -7.808080e+000 -3.127134e-001 -8.512230e-001 -1.030213e+002 -2.396971e+001 1.205139e+002 4.860693e-001 1.061449e-002 2.036244e-001
<VARIANCE> 9
 7.342845e-001 4.228102e+000 8.033346e+000 1.181388e+003 6.541866e+002 6.942923e+003 1.044490e-003 1.461830e-002 1.071968e-003
<GCONST> 2.423274e+001
<STATE> 4
<NUMMIXES> 4
<MIXTURE> 1 2.515863e-001
<MEAN> 9
 -8.497814e+000 4.508202e+000 1.932185e+000 5.449495e+000 2.898956e+001 4.788380e+001 5.123129e-001 -1.382118e-001 2.382114e-001
<VARIANCE> 9
 1.536801e+000 1.751779e+000 2.550629e+000 4.373954e+002 3.824043e+002 5.294224e+002 4.762525e-004 1.611486e-003 7.431339e-004
<GCONST> 1.548187e+001
<MIXTURE> 2 2.422948e-001
<MEAN> 9
 -8.894999e+000 2.972362e+000 2.894949e+000 -1.298379e+000 1.826135e+001 2.694610e+001 5.161933e-001 -1.195920e-001 2.113306e-001
<VARIANCE> 9
 9.084681e-001 2.923938e+000 2.423197e+000 5.545279e+002 2.411256e+002 3.566430e+002 4.762525e-004 2.167554e-003 6.597394e-004
<GCONST> 1.497570e+001
<MIXTURE> 3 2.545319e-001
<MEAN> 9
 -8.854124e+000 2.239601e+000 3.293591e+000 -1.390428e+001 1.151133e+001 1.792517e+001 5.157708e-001 -1.271761e-001 2.024701e-001
<VARIANCE> 9
 8.153179e-001 3.190227e+000 3.015416e+000 6.987210e+002 2.206411e+002 3.482161e+002 4.762525e-004 2.216624e-003 5.847111e-004
<GCONST> 1.519343e+001
<MIXTURE> 4 2.515863e-001
<MEAN> 9
 -8.993685e+000 3.978783e+000 1.293357e+000 -2.916105e+000 2.116750e+001 3.868012e+001 5.035836e-001 -1.542692e-001 2.273072e-001
<VARIANCE> 9
 1.536801e+000 1.751779e+000 2.550629e+000 4.373954e+002 3.824043e+002 5.294224e+002 4.762525e-004 1.611486e-003 7.431339e-004
<GCONST> 1.548187e+001
<STATE> 5
<NUMMIXES> 4
<MIXTURE> 1 2.514553e-001
<MEAN> 9
 -6.820615e+000 5.647039e+000 3.602279e+000 -2.096654e+001 1.824933e+001 1.256323e+001 4.677832e-001 -2.461498e-001 2.530976e-001
<VARIANCE> 9
 6.747655e+000 4.827609e+000 2.045527e+001 3.534897e+003 1.690313e+003 4.309386e+002 4.762525e-004 5.782502e-004 2.006378e-003
<GCONST> 2.339526e+001
<MIXTURE> 2 2.284889e-001
<MEAN> 9
 -8.108591e+000 3.789502e+000 3.780271e+000 -2.647288e+001 5.969533e+000 2.515853e+000 4.522479e-001 -2.727388e-001 2.197289e-001
<VARIANCE> 9
 2.837189e+000 7.274061e+000 1.600038e+001 4.571552e+003 1.142074e+003 2.722623e+002 4.762525e-004 6.467807e-004 3.318876e-003
<GCONST> 2.271441e+001
<MIXTURE> 3 2.685998e-001
<MEAN> 9
 -8.488068e+000 2.487916e+000 4.746563e+000 -2.249130e+001 -1.744143e+000 -3.447375e-001 4.437640e-001 -2.909685e-001 1.942289e-001
<VARIANCE> 9
 2.356965e+000 7.309005e+000 1.854798e+001 5.698787e+003 1.235287e+003 2.786330e+002 4.762525e-004 5.782502e-004 2.929124e-003
<GCONST> 2.276658e+001
<MIXTURE> 4 2.514553e-001
<MEAN> 9
 -7.859665e+000 4.768167e+000 1.793179e+000 -4.474854e+001 1.803967e+000 4.259609e+000 4.590539e-001 -2.557686e-001 2.351806e-001
<VARIANCE> 9
 6.747655e+000 4.827609e+000 2.045527e+001 3.534897e+003 1.690313e+003 4.309386e+002 4.762525e-004 5.782502e-004 2.006378e-003
<GCONST> 2.339526e+001
<STATE> 6
<NUMMIXES> 4
<MIXTURE> 1 3.387813e-001
<MEAN> 9
 -6.850382e+000 6.010655e-001 1.838659e+000 1.575071e+002 -6.951270e+001 -1.147261e+002 4.910402e-001 -1.940403e-001 1.737758e-001
<VARIANCE> 9
 8.374940e-001 3.483089e-001 4.326394e+000 5.596246e+002 1.111122e+003 3.253813e+003 6.166019e-004 6.371468e-003 8.676643e-004
<GCONST> 1.870468e+001
<MIXTURE> 2 1.845942e-001
<MEAN> 9
 -7.902187e+000 -5.248644e-001 7.902778e-001 1.066702e+002 -4.633492e+001 -2.321441e+002 4.953254e-001 5.734365e-002 9.273380e-002
<VARIANCE> 9
 3.140030e+000 2.816815e+000 3.644715e+000 1.908645e+003 2.395667e+003 4.383856e+003 7.130517e-004 1.574314e-002 4.772150e-003
<GCONST> 2.699299e+001
<MIXTURE> 3 2.920300e-001
<MEAN> 9
 -7.106931e+000 5.999394e-001 2.233566e+000 1.536436e+002 -7.729609e+001 -1.093129e+002 4.854916e-001 -2.074894e-001 1.606752e-001
<VARIANCE> 9
 1.101375e+000 4.100292e-001 6.144300e+000 6.498336e+002 1.208636e+003 4.438212e+003 6.819314e-004 6.590488e-003 1.001463e-003
<GCONST> 2.031442e+001
<MIXTURE> 4 1.845942e-001
<MEAN> 9
 -8.610992e+000 -1.196199e+000 2.663237e-002 8.919496e+001 -6.591314e+001 -2.586283e+002 4.846442e-001 7.154986e-003 6.510150e-002
<VARIANCE> 9
 3.140030e+000 2.816815e+000 3.644715e+000 1.908645e+003 2.395667e+003 4.383856e+003 7.130517e-004 1.574314e-002 4.772150e-003
<GCONST> 2.699299e+001
<STATE> 7
<NUMMIXES> 4
<MIXTURE> 1 2.447435e-001
<MEAN> 9
 -6.604198e+000 -1.036353e+001 2.738312e+000 -2.845295e+001 1.155253e+002 -8.302080e+001 4.906325e-002 3.732814e-001 1.546260e-001
<VARIANCE> 9
 6.191657e+000 1.717355e+000 1.382568e+000 5.490090e+002 6.157770e+003 6.543184e+003 5.163310e-003 5.782502e-004 8.314665e-004
<GCONST> 2.323458e+001
<MIXTURE> 2 2.267950e-001
<MEAN> 9
 -9.642992e+000 -8.594273e+000 1.676619e+000 -3.405231e+000 5.108488e+001 -2.435412e+002 2.417831e-001 3.218310e-001 8.590017e-002
<VARIANCE> 9
 2.450507e+000 7.807568e+000 9.771618e-001 1.711947e+003 2.321802e+003 3.990301e+003 1.712559e-002 3.461516e-003 2.223518e-003
<GCONST> 2.711439e+001
<MIXTURE> 3 2.837179e-001
<MEAN> 9
 -1.023490e+001 -8.527309e+000 1.370754e+000 -1.018675e+001 5.023528e+001 -2.586170e+002 2.555009e-001 3.164344e-001 8.043360e-002
<VARIANCE> 9
 2.927564e+000 8.184233e+000 1.438996e+000 1.215051e+003 2.535776e+003 2.408651e+003 1.465960e-002 3.768958e-003 2.223732e-003
<GCONST> 2.689665e+001
<MIXTURE> 4 2.447435e-001
<MEAN> 9
 -7.599519e+000 -1.088773e+001 2.267982e+000 -3.782533e+001 8.413673e+001 -1.153768e+002 2.032078e-002 3.636626e-001 1.430920e-001
<VARIANCE> 9
 6.191657e+000 1.717355e+000 1.382568e+000 5.490090e+002 6.157770e+003 6.543184e+003 5.163310e-003 5.782502e-004 8.314665e-004
<GCONST> 2.323458e+001
<TRANSP> 8
 0.000000e+000 1.000000e+000 0.000000e+000 0.000000e+000 0.000000e+000 0.000000e+000 0.000000e+000 0.000000e+000
 0.000000e+000 9.368333e-001 6.316666e-002 0.000000e+000 0.000000e+000 0.000000e+000 0.000000e+000 0.000000e+000
 0.000000e+000 0.000000e+000 9.406261e-001 5.937385e-002 0.000000e+000 0.000000e+000 0.000000e+000 0.000000e+000
 0.000000e+000 0.000000e+000 0.000000e+000 9.542818e-001 4.571813e-002 0.000000e+000 0.000000e+000 0.000000e+000
 0.000000e+000 0.000000e+000 0.000000e+000 0.000000e+000 9.816228e-001 1.837717e-002 0.000000e+000 0.000000e+000
 0.000000e+000 0.000000e+000 0.000000e+000 0.000000e+000 0.000000e+000 9.497201e-001 5.027992e-002 0.000000e+000
 0.000000e+000 0.000000e+000 0.000000e+000 0.000000e+000 0.000000e+000 0.000000e+000 9.527177e-001 4.728230e-002
 0.000000e+000 0.000000e+000 0.000000e+000 0.000000e+000 0.000000e+000 0.000000e+000 0.000000e+000 0.000000e+000
<ENDHMM>
~h "GN"
<BEGINHMM>
<NUMSTATES> 8
<STATE> 2
<NUMMIXES> 4
<MIXTURE> 1 2.404042e-001
<MEAN> 9
 -8.650059e+000 -1.052381e+001 4.347850e-001 2.317417e+001 3.182849e+001 1.821506e+002 1.051570e-001 3.680608e-001 1.838237e-001
<VARIANCE> 9
 3.543186e+000 3.576567e+000 5.481586e+000 8.053688e+002 5.495780e+003 4.529574e+003 9.063788e-003 5.782502e-004 3.924805e-004
<GCONST> 2.450114e+001
<MIXTURE> 2 2.584206e-001
<MEAN> 9
 -8.946075e+000 -7.899517e+000 -1.002257e+000 -3.367520e+000 3.346436e+001 2.296527e+002 2.242471e-001 3.482336e-001 1.893460e-001
<VARIANCE> 9
 3.888502e+000 7.648623e+000 6.882799e+000 1.449081e+003 4.007274e+003 4.657161e+003 1.777274e-002 1.392299e-003 4.450828e-004
<GCONST> 2.755904e+001
<MIXTURE> 3 2.427546e-001
<MEAN> 9
 -8.749424e+000 -1.036322e+001 9.594977e-002 1.503410e+001 1.468632e+001 1.806356e+002 1.053819e-001 3.632672e-001 1.821978e-001
<VARIANCE> 9
 4.033418e+000 4.275805e+000 6.105875e+000 7.939452e+002 6.367387e+003 5.064797e+003 1.191227e-002 5.782502e-004 4.058067e-004
<GCONST> 2.546844e+001
<MIXTURE> 4 2.584206e-001
<MEAN> 9
 -9.734846e+000 -9.005762e+000 -2.051661e+000 -1.859424e+001 8.143143e+000 2.023553e+002 1.709213e-001 3.333082e-001 1.809072e-001
<VARIANCE> 9
 3.888502e+000 7.648623e+000 6.882799e+000 1.449081e+003 4.007274e+003 4.657161e+003 1.777274e-002 1.392299e-003 4.450828e-004
<GCONST> 2.755904e+001
<STATE> 3
<NUMMIXES> 4
<MIXTURE> 1 2.485763e-001
<MEAN> 9
 -9.800426e+000 8.369413e-002 5.007038e-001 -4.038875e+001 -1.107083e+001 1.226838e+002 4.923703e-001 3.847076e-002 2.229350e-001
<VARIANCE> 9
 1.164639e+001 6.894944e+000 2.805680e+001 1.274719e+004 1.406833e+003 7.074131e+003 1.751993e-003 1.303912e-002 2.978222e-003
<GCONST> 3.332404e+001
<MIXTURE> 2 2.580868e-001
<MEAN> 9
 -8.109356e+000 -5.816090e-001 4.862261e+000 -5.986414e+001 -3.052468e+001 7.049997e+001 5.154613e-001 -9.512129e-003 2.199716e-001
<VARIANCE> 9
 1.107634e+001 1.110942e+001 2.618652e+001 1.330416e+004 1.802226e+003 4.954670e+003 4.927288e-004 6.030043e-003 5.658963e-003
<GCONST> 3.221838e+001
<MIXTURE> 3 2.352497e-001
<MEAN> 9
 -9.592392e+000 -5.084688e-001 1.079434e+000 -6.061289e+001 -2.054488e+001 1.122857e+002 4.909699e-001 3.236246e-002 2.184070e-001
<VARIANCE> 9
 1.077418e+001 8.300726e+000 2.937758e+001 1.218275e+004 1.601745e+003 8.150557e+003 1.909769e-003 1.424099e-002 3.554703e-003
<GCONST> 3.405519e+001
<MIXTURE> 4 2.580868e-001
<MEAN> 9
 -9.440601e+000 -1.914841e+000 2.815351e+000 -1.060016e+002 -4.750574e+001 4.234420e+001 5.065823e-001 -4.057347e-002 1.898812e-001
<VARIANCE> 9
 1.107634e+001 1.110942e+001 2.618652e+001 1.330416e+004 1.802226e+003 4.954670e+003 4.927288e-004 6.030043e-003 5.658963e-003
<GCONST> 3.221838e+001
<STATE> 4
<NUMMIXES> 4
<MIXTURE> 1 2.542337e-001
<MEAN> 9
 -4.712530e+000 5.088738e+000 -6.599598e-002 9.151376e+001 -2.050166e+000 1.043291e+002 4.872005e-001 -2.071460e-001 1.687917e-001
<VARIANCE> 9
 6.690966e+000 8.678492e-001 1.535385e+000 1.364242e+003 2.805203e+003 1.558583e+003 9.160413e-004 3.215546e-003 1.357667e-003
<GCONST> 2.190062e+001
<MIXTURE> 2 2.108420e-001
<MEAN> 9
 -1.943882e+000 5.308319e+000 -2.866887e-001 -9.110158e+000 -4.185288e+001 -1.051330e+001 4.447087e-001 -2.793935e-001 1.618211e-001
<VARIANCE> 9
 1.699538e+000 1.436931e+000 1.977670e+000 3.187795e+003 1.532130e+003 8.331146e+003 6.630666e-004 1.366688e-003 2.532554e-003
<GCONST> 2.265241e+001
<MIXTURE> 3 2.806906e-001
<MEAN> 9
 -1.584552e+000 4.981492e+000 1.332391e-001 -4.162480e+001 -6.836256e+001 -6.687254e+001 4.467543e-001 -2.742869e-001 1.420903e-001
<VARIANCE> 9
 1.551882e+000 1.240039e+000 2.230748e+000 2.720907e+003 1.444781e+003 7.737013e+003 6.567676e-004 1.735824e-003 2.467576e-003
<GCONST> 2.244707e+001
<MIXTURE> 4 2.542337e-001
<MEAN> 9
 -5.747206e+000 4.716104e+000 -5.616386e-001 7.673950e+001 -2.323583e+001 8.853755e+001 4.750941e-001 -2.298284e-001 1.540531e-001
<VARIANCE> 9
 6.690966e+000 8.678492e-001 1.535385e+000 1.364242e+003 2.805203e+003 1.558583e+003 9.160413e-004 3.215546e-003 1.357667e-003
<GCONST> 2.190062e+001
<STATE> 5
<NUMMIXES> 4
<MIXTURE> 1 3.474486e-001
<MEAN> 9
 -5.902337e+000 -1.732945e-001 3.658320e+000 1.629022e+001 2.595573e+001 -3.837579e+001 4.797866e-001 7.336333e-002 9.903015e-003
<VARIANCE> 9
 6.221942e+000 2.066902e+000 5.080066e+000 3.599017e+002 6.091149e+002 3.701634e+003 4.762525e-004 4.946189e-003 5.930930e-004
<GCONST> 2.084586e+001
<MIXTURE> 2 1.850715e-001
<MEAN> 9
 -8.012017e+000 1.576156e+000 7.895612e+000 -7.518127e+001 -2.990305e+001 -1.316328e+002 4.857323e-001 2.141603e-002 6.235519e-003
<VARIANCE> 9
 9.673316e+000 8.302054e+000 9.200514e+000 4.892272e+003 2.205418e+003 6.890667e+003 4.762525e-004 1.300135e-002 5.260727e-004
<GCONST> 2.863570e+001
<MIXTURE> 3 2.824079e-001
<MEAN> 9
 -6.348189e+000 -3.311661e-001 3.945094e+000 1.028631e+001 2.257306e+001 -4.532475e+001 4.746894e-001 8.408166e-002 7.074776e-003
<VARIANCE> 9
 6.850864e+000 2.277705e+000 6.376622e+000 6.071431e+002 5.722831e+002 4.172022e+003 4.762525e-004 4.433259e-003 5.923128e-004
<GCONST> 2.173597e+001
<MIXTURE> 4 1.850715e-001
<MEAN> 9
 -9.256095e+000 4.236246e-001 6.682318e+000 -1.031592e+002 -4.868781e+001 -1.648368e+002 4.770031e-001 -2.419335e-002 -2.938991e-003
<VARIANCE> 9
 9.673316e+000 8.302054e+000 9.200514e+000 4.892272e+003 2.205418e+003 6.890667e+003 4.762525e-004 1.300135e-002 5.260727e-004
<GCONST> 2.863570e+001
<STATE> 6
<NUMMIXES> 4
<MIXTURE> 1 2.344195e-001
<MEAN> 9
 -8.751907e+000 -7.647406e+000 3.248514e+000 -1.164670e+001 6.220238e+001 -1.657783e+002 3.007320e-001 3.300960e-001 1.491747e-001
<VARIANCE> 9
 1.755764e+000 8.807080e+000 9.451703e-001 1.058352e+003 8.113146e+002 7.641769e+002 9.467532e-003 3.507060e-003 1.374685e-003
<GCONST> 2.262249e+001
<MIXTURE> 2 2.513388e-001
<MEAN> 9
 -9.273872e+000 -6.659880e+000 2.916787e+000 -2.714931e+001 4.337447e+001 -1.869832e+002 3.419385e-001 2.847918e-001 1.174972e-001
<VARIANCE> 9
 1.345347e+000 6.989585e+000 1.327408e+000 1.175504e+003 1.420315e+003 9.059206e+002 6.261366e-003 3.511229e-003 1.073259e-003
<GCONST> 2.264003e+001
<MIXTURE> 3 2.798222e-001
<MEAN> 9
 -9.475569e+000 -6.310442e+000 2.752138e+000 -3.793540e+001 2.525943e+001 -2.011481e+002 3.566460e-001 2.713689e-001 1.080493e-001
<VARIANCE> 9
 1.150185e+000 6.698830e+000 1.497388e+000 7.371079e+002 1.227298e+003 7.974285e+002 5.543924e-003 3.523862e-003 9.922902e-004
<GCONST> 2.162443e+001
<MIXTURE> 4 2.344195e-001
<MEAN> 9
 -9.281929e+000 -8.834475e+000 2.859634e+000 -2.465963e+001 5.080894e+001 -1.768358e+002 2.618115e-001 3.064078e-001 1.343440e-001
<VARIANCE> 9
 1.755764e+000 8.807080e+000 9.451703e-001 1.058352e+003 8.113146e+002 7.641769e+002 9.467532e-003 3.507060e-003 1.374685e-003
<GCONST> 2.262249e+001
<STATE> 7
<NUMMIXES> 4
<MIXTURE> 1 1.901873e-001
<MEAN> 9
 -4.782976e+000 -1.004662e+001 3.459929e+000 1.281441e+001 1.263776e+002 -4.509843e+001 5.543947e-002 3.770357e-001 2.097362e-001
<VARIANCE> 9
 5.305577e+000 5.720148e-001 2.962039e+000 3.283330e+002 5.323476e+003 5.595595e+002 3.036299e-003 5.782502e-004 2.177140e-004
<GCONST> 1.775305e+001
<MIXTURE> 2 2.606041e-001
<MEAN> 9
 -5.475180e+000 -1.088606e+001 2.540556e+000 -1.277413e+001 6.941837e+001 -7.740615e+001 3.481707e-002 3.697800e-001 1.959403e-001
<VARIANCE> 9
 2.116225e+000 6.221610e-001 1.144709e+000 1.371836e+002 3.408322e+002 2.290888e+003 4.975494e-003 5.782502e-004 1.958133e-004
<GCONST> 1.414345e+001
<MIXTURE> 3 3.590213e-001
<MEAN> 9
 -6.104048e+000 -1.141425e+001 2.070774e+000 -1.709212e+001 7.223289e+001 -1.104498e+002 4.466830e-002 3.723357e-001 1.881729e-001
<VARIANCE> 9
 1.652487e+000 6.149412e-001 6.451288e-001 6.434428e+001 3.713489e+002 2.456327e+003 3.414295e-003 5.782502e-004 1.938003e-004
<GCONST> 1.232248e+001
<MIXTURE> 4 1.901873e-001
<MEAN> 9
 -5.704329e+000 -1.034914e+001 2.771506e+000 5.566430e+000 9.719277e+001 -5.456043e+001 3.339843e-002 3.674169e-001 2.038342e-001
<VARIANCE> 9
 5.305577e+000 5.720148e-001 2.962039e+000 3.283330e+002 5.323476e+003 5.595595e+002 3.036299e-003 5.782502e-004 2.177140e-004
<GCONST> 1.775305e+001
<TRANSP> 8
 0.000000e+000 1.000000e+000 0.000000e+000 0.000000e+000 0.000000e+000 0.000000e+000 0.000000e+000 0.000000e+000
 0.000000e+000 9.286563e-001 7.134369e-002 0.000000e+000 0.000000e+000 0.000000e+000 0.000000e+000 0.000000e+000
 0.000000e+000 0.000000e+000 9.651394e-001 3.486064e-002 0.000000e+000 0.000000e+000 0.000000e+000 0.000000e+000
 0.000000e+000 0.000000e+000 0.000000e+000 9.521993e-001 4.780067e-002 0.000000e+000 0.000000e+000 0.000000e+000
 0.000000e+000 0.000000e+000 0.000000e+000 0.000000e+000 9.645251e-001 3.547485e-002 0.000000e+000 0.000000e+000
 0.000000e+000 0.000000e+000 0.000000e+000 0.000000e+000 0.000000e+000 9.259096e-001 7.409039e-002 0.000000e+000
 0.000000e+000 0.000000e+000 0.000000e+000 0.000000e+000 0.000000e+000 0.000000e+000 9.279929e-001 7.200706e-002
 0.000000e+000 0.000000e+000 0.000000e+000 0.000000e+000 0.000000e+000 0.000000e+000 0.000000e+000 0.000000e+000
<ENDHMM>
~h "HE"
<BEGINHMM>
<NUMSTATES> 8
<STATE> 2
<NUMMIXES> 4
<MIXTURE> 1 2.559281e-001
<MEAN> 9
 -1.002048e+001 -1.006040e+001 5.197013e+000 1.423864e+002 7.506122e+001 1.892540e+002 1.821608e-001 3.420807e-001 9.372576e-002
<VARIANCE> 9
 8.280095e+000 8.123838e+000 7.083645e+000 4.444020e+003 4.140336e+003 5.243822e+003 1.367853e-002 4.253941e-003 7.218417e-003
<GCONST> 3.331704e+001
<MIXTURE> 2 2.038622e-001
<MEAN> 9
 -1.144187e+001 -5.751270e+000 3.262813e-001 1.269571e+002 -1.909175e+001 2.419022e+002 3.647607e-001 1.127136e-001 -6.478681e-002
<VARIANCE> 9
 3.129662e+000 1.814958e+001 5.823994e+000 3.735841e+003 2.884670e+003 3.935859e+003 7.504776e-003 2.146892e-002 5.788005e-003
<GCONST> 3.292790e+001
<MIXTURE> 3 2.842816e-001
<MEAN> 9
 -1.089129e+001 -5.101821e+000 -1.130227e+000 9.157390e+001 -6.286182e+001 2.650774e+002 3.851114e-001 1.361480e-002 -1.020775e-001
<VARIANCE> 9
 3.158467e+000 1.743912e+001 3.453523e+000 3.275973e+003 4.590477e+003 4.383994e+003 4.128816e-003 2.230682e-002 4.427183e-003
<GCONST> 3.198829e+001
<MIXTURE> 4 2.559281e-001
<MEAN> 9
 -1.117148e+001 -1.120050e+001 4.132409e+000 1.157210e+002 4.932304e+001 1.602883e+002 1.353786e-001 3.159918e-001 5.974124e-002
<VARIANCE> 9
 8.280095e+000 8.123838e+000 7.083645e+000 4.444020e+003 4.140336e+003 5.243822e+003 1.367853e-002 4.253941e-003 7.218417e-003
<GCONST> 3.331704e+001
<STATE> 3
<NUMMIXES> 4
<MIXTURE> 1 2.865255e-001
<MEAN> 9
 1.070544e+001 1.492438e+000 6.229980e+000 3.455404e+001 1.442402e+001 3.379255e+001 -6.369252e-002 -2.349032e-001 -2.436584e-001
<VARIANCE> 9
 2.162535e+001 2.190754e+000 4.041213e+000 1.069874e+003 1.963234e+003 3.433984e+004 6.955456e-003 1.047779e-003 9.365496e-004
<GCONST> 2.799464e+001
<MIXTURE> 2 1.787760e-001
<MEAN> 9
 4.973662e-001 2.097754e-001 2.569343e+000 -6.700307e+000 -1.133154e+002 2.258727e+002 1.079146e-001 -2.451843e-001 -2.351982e-001
<VARIANCE> 9
 4.729685e+001 6.344348e+000 8.098707e+000 1.108346e+003 6.563958e+003 2.788488e+004 2.845046e-002 1.045739e-003 1.253149e-003
<GCONST> 3.326770e+001
<MIXTURE> 3 2.481730e-001
<MEAN> 9
 -1.073786e+000 -9.876403e-001 1.676962e+000 -1.063840e+001 -1.563920e+002 2.810070e+002 1.191743e-001 -2.571118e-001 -2.376792e-001
<VARIANCE> 9
 2.802161e+001 9.799521e+000 6.660713e+000 1.017539e+003 6.396916e+003 2.041044e+004 1.918049e-002 7.578970e-004 7.734373e-004
<GCONST> 3.136145e+001
<MIXTURE> 4 2.865255e-001
<MEAN> 9
 8.845315e+000 9.003901e-001 5.425870e+000 2.147046e+001 -3.299343e+000 -4.033149e+001 -9.705227e-002 -2.478510e-001 -2.558996e-001
<VARIANCE> 9
 2.162535e+001 2.190754e+000 4.041213e+000 1.069874e+003 1.963234e+003 3.433984e+004 6.955456e-003 1.047779e-003 9.365496e-004
<GCONST> 2.799464e+001
<STATE> 4
<NUMMIXES> 4
<MIXTURE> 1 2.483394e-001
<MEAN> 9
 -9.291443e+000 8.722281e+000 2.642388e+000 8.617879e+000 8.477507e+000 5.470570e+000 2.317384e-001 -2.908289e-001 -1.867591e-001
<VARIANCE> 9
 9.801906e+000 2.491382e+000 4.364472e+000 1.679666e+003 1.162305e+003 2.016123e+004 4.745359e-003 1.151978e-003 9.028082e-004
<GCONST> 2.647897e+001
<MIXTURE> 2 2.302223e-001
<MEAN> 9
 -5.036034e+000 6.159649e+000 4.012044e+000 9.450324e+000 -4.782067e+000 -3.419342e+001 1.261571e-001 -3.114720e-001 -2.190787e-001
<VARIANCE> 9
 1.653532e+001 2.819493e+000 2.297063e+000 3.284525e+003 1.622378e+003 4.864389e+004 5.388801e-003 5.782502e-004 4.905787e-004
<GCONST> 2.719663e+001
<MIXTURE> 3 2.730987e-001
<MEAN> 9
 -4.097717e+000 5.636777e+000 4.109133e+000 2.475490e+000 -1.170264e+001 -2.216513e+001 1.042955e-001 -3.164979e-001 -2.209425e-001
<VARIANCE> 9
 1.552669e+001 2.790821e+000 1.656911e+000 3.703841e+003 1.651586e+003 5.653803e+004 4.918474e-003 5.782502e-004 3.738125e-004
<GCONST> 2.672201e+001
<MIXTURE> 4 2.483394e-001
<MEAN> 9
 -1.054376e+001 8.090917e+000 1.806736e+000 -7.775613e+000 -5.159532e+000 -5.132553e+001 2.041838e-001 -3.044053e-001 -1.987779e-001
<VARIANCE> 9
 9.801906e+000 2.491382e+000 4.364472e+000 1.679666e+003 1.162305e+003 2.016123e+004 4.745359e-003 1.151978e-003 9.028082e-004
<GCONST> 2.647897e+001
<STATE> 5
<NUMMIXES> 4
<MIXTURE> 1 2.503898e-001
<MEAN> 9
 1.031482e+001 1.241923e+000 5.796348e+000 1.663695e+001 6.228712e+000 -7.436073e+000 -1.341910e-001 -2.128488e-001 -2.429858e-001
<VARIANCE> 9
 1.436701e+001 2.955042e+000 1.979432e+000 6.474318e+002 5.036933e+002 2.254245e+004 3.161521e-003 2.493994e-003 8.661617e-004
<GCONST> 2.488827e+001
<MIXTURE> 2 2.645041e-001
<MEAN> 9
 5.091439e+000 3.335058e+000 5.624647e+000 -3.398350e+000 -4.171028e+000 4.368045e+001 -3.480117e-002 -2.640122e-001 -2.444592e-001
<VARIANCE> 9
 1.378489e+001 2.588537e+000 9.510587e-001 2.267298e+003 1.043236e+003 5.163009e+004 4.151128e-003 1.114640e-003 2.984180e-004
<GCONST> 2.519305e+001
<MIXTURE> 3 2.206018e-001
<MEAN> 9
 8.843426e+000 1.644645e+000 5.766470e+000 8.175279e+000 1.739645e+000 -3.418343e+001 -1.162197e-001 -2.259633e-001 -2.471218e-001
<VARIANCE> 9
 1.409647e+001 3.364321e+000 1.836525e+000 1.093693e+003 4.959823e+002 2.771366e+004 3.140319e-003 2.546287e-003 6.645597e-004
<GCONST> 2.538852e+001
<MIXTURE> 4 2.645041e-001
<MEAN> 9
 3.606319e+000 2.691501e+000 5.234558e+000 -2.244481e+001 -1.709069e+001 -4.720857e+001 -6.057287e-002 -2.773667e-001 -2.513691e-001
<VARIANCE> 9
 1.378489e+001 2.588537e+000 9.510587e-001 2.267298e+003 1.043236e+003 5.163009e+004 4.151128e-003 1.114640e-003 2.984180e-004
<GCONST> 2.519305e+001
<STATE> 6
<NUMMIXES> 4
<MIXTURE> 1 2.485473e-001
<MEAN> 9
 -5.413839e+000 1.607369e+000 3.992560e+000 -9.136900e+001 6.291590e+001 -1.366451e+002 2.330302e-001 -7.262199e-002 -2.272590e-001
<VARIANCE> 9
 6.385859e+000 1.930003e+001 1.789657e+000 4.931269e+003 2.873467e+003 5.913432e+003 5.326188e-003 2.872620e-002 1.790574e-003
<GCONST> 3.197844e+001
<MIXTURE> 2 2.480993e-001
<MEAN> 9
 -6.156677e+000 7.597657e-001 3.626272e+000 -9.646823e+001 4.100303e+001 -1.806291e+002 2.068830e-001 -1.193093e-001 -2.435877e-001
<VARIANCE> 9
 6.636334e+000 1.887011e+001 1.283126e+000 5.235598e+003 3.557782e+003 2.648167e+003 5.528007e-003 2.647467e-002 1.078776e-003
<GCONST> 3.058066e+001
<MIXTURE> 3 2.548059e-001
<MEAN> 9
 -6.628552e+000 -2.784679e-001 3.250251e+000 -1.064111e+002 1.691146e+001 -1.990939e+002 2.044082e-001 -1.112610e-001 -2.459801e-001
<VARIANCE> 9
 7.409700e+000 1.691110e+001 1.402256e+000 4.981591e+003 4.019655e+003 1.257681e+003 4.876075e-003 2.727251e-002 9.645188e-004
<GCONST> 2.979005e+001
<MIXTURE> 4 2.485473e-001
<MEAN> 9
 -6.424649e+000 -1.499029e-001 3.457448e+000 -1.194582e+002 4.147400e+001 -1.674047e+002 2.038379e-001 -1.404172e-001 -2.441850e-001
<VARIANCE> 9
 6.385859e+000 1.930003e+001 1.789657e+000 4.931269e+003 2.873467e+003 5.913432e+003 5.326188e-003 2.872620e-002 1.790574e-003
<GCONST> 3.197844e+001
<STATE> 7
<NUMMIXES> 4
<MIXTURE> 1 2.264025e-001
<MEAN> 9
 -4.543363e+000 -1.061209e+001 5.473006e+000 -5.826546e+001 3.544823e+001 -4.073608e+001 1.402879e-002 3.692665e-001 1.508401e-001
<VARIANCE> 9
 1.120765e+001 1.109706e+000 1.195668e+001 2.095562e+003 6.457381e+003 1.271765e+003 9.456022e-004 5.782502e-004 2.633532e-003
<GCONST> 2.475298e+001
<MIXTURE> 2 2.342169e-001
<MEAN> 9
 -8.457502e+000 -1.105740e+001 5.583092e+000 -1.373078e+002 5.374685e+000 -1.522835e+002 1.264874e-001 3.256204e-001 -3.838420e-003
<VARIANCE> 9
 3.539289e+000 3.763657e+000 1.068545e+000 1.411976e+003 2.384287e+003 4.039728e+003 7.135717e-003 1.543744e-003 5.754894e-003
<GCONST> 2.595595e+001
<MIXTURE> 3 3.129783e-001
<MEAN> 9
 -8.572753e+000 -1.112764e+001 5.702121e+000 -1.565737e+002 4.386004e+000 -1.619985e+002 1.355711e-001 3.112164e-001 -3.981856e-002
<VARIANCE> 9
 2.744239e+000 3.318077e+000 1.188832e+000 1.920952e+003 2.045097e+003 2.560009e+003 5.203602e-003 1.629483e-003 6.153327e-003
<GCONST> 2.518564e+001
<MIXTURE> 4 2.264025e-001
<MEAN> 9
 -5.882476e+000 -1.103345e+001 4.089868e+000 -7.657639e+001 3.305094e+000 -5.500080e+001 1.728532e-003 3.596477e-001 1.303129e-001
<VARIANCE> 9
 1.120765e+001 1.109706e+000 1.195668e+001 2.095562e+003 6.457381e+003 1.271765e+003 9.456022e-004 5.782502e-004 2.633532e-003
<GCONST> 2.475298e+001
<TRANSP> 8
 0.000000e+000 1.000000e+000 0.000000e+000 0.000000e+000 0.000000e+000 0.000000e+000 0.000000e+000 0.000000e+000
 0.000000e+000 9.571476e-001 4.285243e-002 0.000000e+000 0.000000e+000 0.000000e+000 0.000000e+000 0.000000e+000
 0.000000e+000 0.000000e+000 9.591718e-001 4.082825e-002 0.000000e+000 0.000000e+000 0.000000e+000 0.000000e+000
 0.000000e+000 0.000000e+000 0.000000e+000 9.557814e-001 4.421861e-002 0.000000e+000 0.000000e+000 0.000000e+000
 0.000000e+000 0.000000e+000 0.000000e+000 0.000000e+000 9.649131e-001 3.508687e-002 0.000000e+000 0.000000e+000
 0.000000e+000 0.000000e+000 0.000000e+000 0.000000e+000 0.000000e+000 9.547136e-001 4.528636e-002 0.000000e+000
 0.000000e+000 0.000000e+000 0.000000e+000 0.000000e+000 0.000000e+000 0.000000e+000 9.455659e-001 5.443417e-002
 0.000000e+000 0.000000e+000 0.000000e+000 0.000000e+000 0.000000e+000 0.000000e+000 0.000000e+000 0.000000e+000
<ENDHMM>
~h "SR"
<BEGINHMM>
<NUMSTATES> 8
<STATE> 2
<NUMMIXES> 4
<MIXTURE> 1 2.501785e-001
<MEAN> 9
 -9.537148e+000 -9.170901e+000 7.835385e-001 -6.163611e+001 -6.391527e+001 2.469710e+002 3.542849e-001 2.564148e-001 2.302766e-001
<VARIANCE> 9
 1.065976e+000 3.092239e+000 1.238911e+000 2.142975e+003 4.322792e+003 2.532298e+003 1.552587e-002 7.793287e-003 2.027176e-004
<GCONST> 2.430296e+001
<MIXTURE> 2 2.682064e-001
<MEAN> 9
 -8.736273e+000 -1.063066e+001 6.108655e-001 -1.287569e+001 -1.613347e+002 1.743356e+002 1.441166e-001 3.670570e-001 2.206464e-001
<VARIANCE> 9
 4.316358e+000 1.363133e+000 2.395084e+000 1.203717e+003 8.328884e+003 8.573171e+003 1.371513e-002 1.074662e-003 2.017915e-004
<GCONST> 2.473028e+001
<MIXTURE> 3 2.134087e-001
<MEAN> 9
 -9.733648e+000 -9.798481e+000 3.115398e-001 -6.628211e+001 -9.629035e+001 2.367358e+002 3.054261e-001 2.798938e-001 2.258527e-001
<VARIANCE> 9
 1.537872e+000 3.185056e+000 1.553027e+000 2.979704e+003 5.958657e+003 5.605352e+003 2.239771e-002 7.840314e-003 1.996711e-004
<GCONST> 2.672751e+001
<MIXTURE> 4 2.682064e-001
<MEAN> 9
 -9.567307e+000 -1.109768e+001 -8.176863e-003 -2.675354e+001 -1.978398e+002 1.372990e+002 9.727198e-002 3.539442e-001 2.149642e-001
<VARIANCE> 9
 4.316358e+000 1.363133e+000 2.395084e+000 1.203717e+003 8.328884e+003 8.573171e+003 1.371513e-002 1.074662e-003 2.017915e-004
<GCONST> 2.473028e+001
<STATE> 3
<NUMMIXES> 4
<MIXTURE> 1 2.540778e-001
<MEAN> 9
 -3.423711e+000 3.084600e-001 2.810128e+000 7.251698e+001 6.302314e+000 -1.107400e+002 5.118223e-001 -3.113302e-002 1.881259e-001
<VARIANCE> 9
 7.211661e+000 3.066618e+000 5.304879e-001 2.766903e+003 1.087923e+003 1.699975e+004 4.762525e-004 1.068480e-002 1.567330e-003
<GCONST> 2.501480e+001
<MIXTURE> 2 2.269121e-001
<MEAN> 9
 -5.500549e+000 -3.553477e+000 2.549303e+000 -2.930955e+001 -2.501020e+001 9.552605e+001 5.092335e-001 -6.752618e-002 2.102973e-001
<VARIANCE> 9
 6.982730e+000 8.702124e+000 4.660392e-001 4.172481e+003 5.024982e+002 2.331874e+004 4.762525e-004 8.514358e-003 1.220998e-003
<GCONST> 2.537363e+001
<MIXTURE> 3 2.649320e-001
<MEAN> 9
 -5.838428e+000 -4.054970e+000 2.416620e+000 -4.832217e+001 -3.208952e+001 1.244595e+002 5.067309e-001 -6.360216e-002 2.104845e-001
<VARIANCE> 9
 7.507461e+000 8.373513e+000 4.982590e-001 3.427715e+003 4.323782e+002 1.763727e+004 4.762525e-004 1.043773e-002 1.308003e-003
<GCONST> 2.512080e+001
<MIXTURE> 4 2.540778e-001
<MEAN> 9
 -4.497893e+000 -3.920105e-001 2.518790e+000 5.147643e+001 -6.891157e+000 -1.628932e+002 5.030930e-001 -7.247994e-002 1.722901e-001
<VARIANCE> 9
 7.211661e+000 3.066618e+000 5.304879e-001 2.766903e+003 1.087923e+003 1.699975e+004 4.762525e-004 1.068480e-002 1.567330e-003
<GCONST> 2.501480e+001
<STATE> 4
<NUMMIXES> 4
<MIXTURE> 1 2.309239e-001
<MEAN> 9
 -7.559225e+000 -6.230701e+000 5.087271e+000 -9.846594e+000 -1.043722e+001 9.764037e+001 4.584051e-001 1.927464e-001 1.699223e-001
<VARIANCE> 9
 1.657458e+001 2.010565e+001 1.644765e+000 6.700062e+002 5.284008e+002 2.207495e+004 1.082163e-003 3.157068e-003 1.417489e-003
<GCONST> 2.648093e+001
<MIXTURE> 2 2.407193e-001
<MEAN> 9
 -1.369033e+001 -4.650346e+000 4.107412e+000 -3.036004e+001 -4.054009e+001 -2.945159e+001 4.008904e-001 2.534131e-001 1.628023e-001
<VARIANCE> 9
 1.061600e+001 1.830780e+001 2.751952e+000 7.761636e+002 1.405386e+003 1.523589e+004 1.055472e-003 1.075647e-003 1.045284e-003
<GCONST> 2.580466e+001
<MIXTURE> 3 2.974331e-001
<MEAN> 9
 -1.455260e+001 -4.889560e+000 3.921241e+000 -3.737948e+001 -5.533294e+001 -2.564626e+001 3.883189e-001 2.643287e-001 1.622126e-001
<VARIANCE> 9
 9.935521e+000 1.588456e+001 2.654373e+000 6.779756e+002 1.443665e+003 1.115447e+004 9.294194e-004 8.275580e-004 1.260055e-003
<GCONST> 2.493763e+001
<MIXTURE> 4 2.309239e-001
<MEAN> 9
 -9.187700e+000 -8.024275e+000 4.574277e+000 -2.020039e+001 -1.963200e+001 3.820980e+001 4.452466e-001 1.702712e-001 1.548625e-001
<VARIANCE> 9
 1.657458e+001 2.010565e+001 1.644765e+000 6.700062e+002 5.284008e+002 2.207495e+004 1.082163e-003 3.157068e-003 1.417489e-003
<GCONST> 2.648093e+001
<STATE> 5
<NUMMIXES> 4
<MIXTURE> 1 2.390459e-001
<MEAN> 9
 -6.862129e+000 -4.248785e+000 3.874765e+000 2.471808e+001 1.081682e+001 -2.748855e+001 4.921132e-001 1.053800e-001 1.805429e-001
<VARIANCE> 9
 1.091279e+000 5.420361e-001 8.613349e-001 6.098650e+002 3.451317e+002 2.744214e+003 4.762525e-004 2.028675e-003 1.132154e-003
<GCONST> 1.540739e+001
<MIXTURE> 2 2.599041e-001
<MEAN> 9
 -6.279931e+000 -4.403131e+000 4.096676e+000 2.123895e+001 1.099336e+001 -1.799522e+001 4.904198e-001 1.247152e-001 1.731302e-001
<VARIANCE> 9
 1.172598e+000 4.264628e-001 5.403838e-001 5.589802e+002 2.993066e+002 4.405052e+003 4.762525e-004 2.073059e-003 1.558483e-003
<GCONST> 1.535816e+001
<MIXTURE> 3 2.411462e-001
<MEAN> 9
 -6.828716e+000 -4.317315e+000 3.949289e+000 2.011953e+001 7.302865e+000 -2.805764e+001 4.906903e-001 1.061953e-001 1.743398e-001
<VARIANCE> 9
 1.031569e+000 5.312995e-001 6.986006e-001 5.562589e+002 2.936359e+002 3.014305e+003 4.762525e-004 2.075610e-003 1.326984e-003
<GCONST> 1.514366e+001
<MIXTURE> 4 2.599041e-001
<MEAN> 9
 -6.713077e+000 -4.664347e+000 3.802633e+000 1.178185e+001 4.073170e+000 -4.454344e+001 4.816906e-001 1.065028e-001 1.573392e-001
<VARIANCE> 9
 1.172598e+000 4.264628e-001 5.403838e-001 5.589802e+002 2.993066e+002 4.405052e+003 4.762525e-004 2.073059e-003 1.558483e-003
<GCONST> 1.535816e+001
<STATE> 6
<NUMMIXES> 4
<MIXTURE> 1 2.423033e-001
<MEAN> 9
 -6.977860e+000 -6.380499e+000 1.348585e+000 5.115999e+001 9.474783e+001 -1.383908e+002 3.177055e-001 2.956623e-001 2.173022e-001
<VARIANCE> 9
 8.930790e-001 4.520492e+000 9.448370e-001 8.278560e+002 1.516482e+003 8.407527e+002 1.180175e-002 3.986385e-003 7.178934e-004
<GCONST> 2.145341e+001
<MIXTURE> 2 2.606958e-001
<MEAN> 9
 -6.577662e+000 -8.176722e+000 1.237707e+000 4.911724e+001 1.233503e+002 -1.442780e+002 2.354715e-001 3.512516e-001 2.069126e-001
<VARIANCE> 9
 8.818600e-001 4.876793e+000 1.115689e+000 7.778478e+002 1.611941e+003 8.334377e+002 1.588416e-002 2.528070e-003 7.784751e-004
<GCONST> 2.159551e+001
<MIXTURE> 3 2.363057e-001
<MEAN> 9
 -7.085970e+000 -7.144666e+000 1.297888e+000 4.734467e+001 9.878445e+001 -1.460915e+002 2.870729e-001 3.103371e-001 2.069980e-001
<VARIANCE> 9
 9.696319e-001 4.853594e+000 1.085104e+000 8.880782e+002 1.599480e+003 9.275516e+002 1.385218e-002 3.701205e-003 8.465055e-004
<GCONST> 2.221769e+001
<MIXTURE> 4 2.606958e-001
<MEAN> 9
 -6.953291e+000 -9.060061e+000 8.152027e-001 3.796128e+001 1.072907e+002 -1.558258e+002 1.850585e-001 3.311396e-001 1.957522e-001
<VARIANCE> 9
 8.818600e-001 4.876793e+000 1.115689e+000 7.778478e+002 1.611941e+003 8.334377e+002 1.588416e-002 2.528070e-003 7.784751e-004
<GCONST> 2.159551e+001
<STATE> 7
<NUMMIXES> 4
<MIXTURE> 1 2.293975e-001
<MEAN> 9
 -3.189838e+000 -1.002065e+001 1.672947e+000 1.621913e+000 9.787390e+001 -2.621041e+001 1.737388e-002 3.687895e-001 2.429843e-001
<VARIANCE> 9
 2.053033e+000 3.371764e-001 1.577688e+000 2.038507e+002 8.213041e+002 7.207318e+002 3.386088e-003 5.782502e-004 8.414599e-004
<GCONST> 1.501362e+001
<MIXTURE> 2 2.379390e-001
<MEAN> 9
 -4.129104e+000 -1.023755e+001 1.060382e+000 -1.370731e+001 7.138063e+001 -4.234607e+001 -1.443197e-002 3.686240e-001 1.932224e-001
<VARIANCE> 9
 9.156766e-001 3.371764e-001 1.265849e-001 2.217722e+002 4.850116e+002 7.776829e+002 5.536166e-004 5.782502e-004 9.927526e-004
<GCONST> 9.671379e+000
<MIXTURE> 3 3.032658e-001
<MEAN> 9
 -4.569021e+000 -1.029577e+001 1.046634e+000 -1.618995e+001 6.624424e+001 -5.151660e+001 -1.569528e-002 3.683561e-001 1.787307e-001
<VARIANCE> 9
 7.675246e-001 3.371764e-001 1.078693e-001 2.163663e+002 6.716199e+002 8.312214e+002 4.762525e-004 5.782502e-004 5.082921e-004
<GCONST> 8.882366e+000
<MIXTURE> 4 2.293975e-001
<MEAN> 9
 -3.762974e+000 -1.025291e+001 1.170523e+000 -4.089139e+000 8.641054e+001 -3.694899e+001 -5.902158e-003 3.591707e-001 2.313811e-001
<VARIANCE> 9
 2.053033e+000 3.371764e-001 1.577688e+000 2.038507e+002 8.213041e+002 7.207318e+002 3.386088e-003 5.782502e-004 8.414599e-004
<GCONST> 1.501362e+001
<TRANSP> 8
 0.000000e+000 1.000000e+000 0.000000e+000 0.000000e+000 0.000000e+000 0.000000e+000 0.000000e+000 0.000000e+000
 0.000000e+000 9.472992e-001 5.270084e-002 0.000000e+000 0.000000e+000 0.000000e+000 0.000000e+000 0.000000e+000
 0.000000e+000 0.000000e+000 9.569648e-001 4.303520e-002 0.000000e+000 0.000000e+000 0.000000e+000 0.000000e+000
 0.000000e+000 0.000000e+000 0.000000e+000 9.486778e-001 5.132218e-002 0.000000e+000 0.000000e+000 0.000000e+000
 0.000000e+000 0.000000e+000 0.000000e+000 0.000000e+000 9.482530e-001 5.174700e-002 0.000000e+000 0.000000e+000
 0.000000e+000 0.000000e+000 0.000000e+000 0.000000e+000 0.000000e+000 9.496605e-001 5.033958e-002 0.000000e+000
 0.000000e+000 0.000000e+000 0.000000e+000 0.000000e+000 0.000000e+000 0.000000e+000 9.259618e-001 7.403824e-002
 0.000000e+000 0.000000e+000 0.000000e+000 0.000000e+000 0.000000e+000 0.000000e+000 0.000000e+000 0.000000e+000
<ENDHMM>
~h "TK"
<BEGINHMM>
<NUMSTATES> 8
<STATE> 2
<NUMMIXES> 4
<MIXTURE> 1 2.831740e-001
<MEAN> 9
 -8.999578e+000 -9.638053e+000 -2.939634e+000 -6.166518e+001 1.057350e+002 1.936156e+002 1.598845e-001 3.626700e-001 2.240683e-001
<VARIANCE> 9
 1.411215e+000 7.819410e-001 3.441326e+000 2.249278e+003 2.658895e+003 2.383511e+003 7.668206e-003 5.782502e-004 4.063197e-003
<GCONST> 2.342362e+001
<MIXTURE> 2 2.318491e-001
<MEAN> 9
 -9.238252e+000 -1.069628e+001 -2.177137e+000 -3.954747e+001 5.541069e+001 2.112935e+002 1.297283e-001 3.698982e-001 2.033149e-001
<VARIANCE> 9
 2.971195e+000 2.352837e+000 5.595749e+000 3.184962e+003 2.321752e+003 7.107817e+003 1.036116e-002 5.782502e-004 2.069863e-003
<GCONST> 2.668724e+001
<MIXTURE> 3 2.531278e-001
<MEAN> 9
 -9.090795e+000 -9.858651e+000 -2.700163e+000 -5.657338e+001 8.146840e+001 1.905117e+002 1.473510e-001 3.627771e-001 2.017127e-001
<VARIANCE> 9
 1.164947e+000 9.679656e-001 3.434069e+000 2.493999e+003 2.326061e+003 3.180868e+003 1.025817e-002 5.782502e-004 3.451879e-003
<GCONST> 2.382922e+001
<MIXTURE> 4 2.318491e-001
<MEAN> 9
 -9.927737e+000 -1.130984e+001 -3.123351e+000 -6.212165e+001 3.613687e+001 1.775703e+002 8.901234e-002 3.602794e-001 1.851165e-001
<VARIANCE> 9
 2.971195e+000 2.352837e+000 5.595749e+000 3.184962e+003 2.321752e+003 7.107817e+003 1.036116e-002 5.782502e-004 2.069863e-003
<GCONST> 2.668724e+001
<STATE> 3
<NUMMIXES> 4
<MIXTURE> 1 3.138184e-001
<MEAN> 9
 -6.076443e+000 1.089163e+000 -2.607792e+000 -1.707837e+002 2.334957e+001 1.231931e+002 4.254774e-001 -1.014490e-001 4.443404e-001
<VARIANCE> 9
 1.802923e+000 4.228162e+000 1.882849e+000 4.352164e+002 4.901854e+002 1.825738e+003 8.266976e-004 1.360906e-002 1.579065e-003
<GCONST> 2.113921e+001
<MIXTURE> 2 2.198695e-001
<MEAN> 9
 -7.787617e+000 -4.173029e+000 -4.724526e+000 -1.811621e+002 3.353127e+001 2.283502e+002 3.888826e-001 1.768492e-001 4.207957e-001
<VARIANCE> 9
 2.718759e+000 8.249249e+000 2.478357e+000 1.353987e+003 1.568984e+003 4.018798e+003 2.320421e-003 1.534429e-002 6.033876e-003
<GCONST> 2.807314e+001
<MIXTURE> 3 2.464425e-001
<MEAN> 9
 -6.164706e+000 7.217040e-001 -2.851075e+000 -1.737899e+002 1.709400e+001 1.270190e+002 4.167144e-001 -8.651476e-002 4.531094e-001
<VARIANCE> 9
 1.894550e+000 5.159183e+000 1.813397e+000 4.743492e+002 6.273891e+002 2.153418e+003 1.090692e-003 1.542454e-002 2.455972e-003
<GCONST> 2.269221e+001
<MIXTURE> 4 2.198695e-001
<MEAN> 9
 -8.447164e+000 -5.321889e+000 -5.354238e+000 -1.958807e+002 1.768711e+001 2.029926e+002 3.696144e-001 1.273004e-001 3.897245e-001
<VARIANCE> 9
 2.718759e+000 8.249249e+000 2.478357e+000 1.353987e+003 1.568984e+003 4.018798e+003 2.320421e-003 1.534429e-002 6.033876e-003
<GCONST> 2.807314e+001
<STATE> 4
<NUMMIXES> 4
<MIXTURE> 1 2.457113e-001
<MEAN> 9
 -4.838532e+000 5.604699e+000 1.466076e+000 4.670566e+001 2.399911e+001 -7.542343e-001 3.639418e-001 -2.928999e-001 4.274217e-001
<VARIANCE> 9
 9.217908e-001 1.456021e+000 3.443941e+000 1.435358e+004 7.467719e+002 2.635244e+003 6.167805e-004 1.807818e-003 2.306343e-003
<GCONST> 2.235730e+001
<MIXTURE> 2 2.407301e-001
<MEAN> 9
 -5.242919e+000 6.529412e+000 1.971055e+000 -6.439787e+000 1.173021e+001 4.552167e+000 3.390391e-001 -3.361452e-001 3.979069e-001
<VARIANCE> 9
 5.711042e-001 7.340133e-001 3.009797e+000 5.054615e+003 6.201345e+002 7.345733e+002 4.762525e-004 1.064973e-003 1.840944e-003
<GCONST> 1.753879e+001
<MIXTURE> 3 2.678468e-001
<MEAN> 9
 -5.384461e+000 6.773891e+000 1.796765e+000 -6.715508e-001 5.769705e+000 2.547909e+000 3.320460e-001 -3.423207e-001 3.993653e-001
<VARIANCE> 9
 4.582853e-001 6.412489e-001 2.802062e+000 3.361288e+003 4.779760e+002 4.841143e+002 4.762525e-004 9.229396e-004 1.730876e-003
<GCONST> 1.582197e+001
<MIXTURE> 4 2.457113e-001
<MEAN> 9
 -5.222572e+000 5.122036e+000 7.237618e-001 -1.216917e+000 1.306825e+001 -2.128809e+001 3.540078e-001 -3.099073e-001 4.082119e-001
<VARIANCE> 9
 9.217908e-001 1.456021e+000 3.443941e+000 1.435358e+004 7.467719e+002 2.635244e+003 6.167805e-004 1.807818e-003 2.306343e-003
<GCONST> 2.235730e+001
<STATE> 5
<NUMMIXES> 4
<MIXTURE> 1 2.501790e-001
<MEAN> 9
 -7.998800e+000 2.760063e+000 -5.255768e+000 1.016566e+002 1.295533e+001 -4.950905e+001 3.645725e-001 -7.753947e-002 5.374666e-001
<VARIANCE> 9
 1.802711e+000 1.750940e+000 3.734546e+000 6.546871e+003 1.647845e+003 2.121795e+003 7.983625e-004 1.037629e-002 1.236115e-003
<GCONST> 2.446499e+001
<MIXTURE> 2 2.660624e-001
<MEAN> 9
 -9.232080e+000 1.831919e+000 -6.075929e+000 6.241397e+001 -1.220808e+001 -1.909739e+001 3.824717e-001 3.600859e-002 5.405193e-001
<VARIANCE> 9
 1.570260e+000 1.430498e+000 6.210076e+000 3.768036e+003 3.162634e+003 1.570864e+003 7.174597e-004 4.143313e-003 1.278341e-003
<GCONST> 2.344094e+001
<MIXTURE> 3 2.176958e-001
<MEAN> 9
 -8.691825e+000 2.348840e+000 -6.037758e+000 8.304817e+001 -1.585751e-001 -4.312632e+001 3.675413e-001 -3.947474e-002 5.391470e-001
<VARIANCE> 9
 1.840300e+000 1.682521e+000 4.502282e+000 5.994621e+003 2.054074e+003 2.136526e+003 8.813041e-004 8.766876e-003 1.304927e-003
<GCONST> 2.475634e+001
<MIXTURE> 4 2.660624e-001
<MEAN> 9
 -9.733320e+000 1.353505e+000 -7.072731e+000 3.786023e+001 -3.470300e+001 -3.495103e+001 3.717575e-001 1.026116e-002 5.262178e-001
<VARIANCE> 9
 1.570260e+000 1.430498e+000 6.210076e+000 3.768036e+003 3.162634e+003 1.570864e+003 7.174597e-004 4.143313e-003 1.278341e-003
<GCONST> 2.344094e+001
<STATE> 6
<NUMMIXES> 4
<MIXTURE> 1 3.258263e-001
<MEAN> 9
 -6.521960e+000 -8.750585e-001 -7.534144e-001 2.849540e+001 -1.935666e+002 -9.348404e+001 4.642177e-001 8.415689e-002 3.291963e-001
<VARIANCE> 9
 1.276858e+000 1.030205e+000 2.241372e+000 3.050717e+002 4.743463e+003 3.269982e+003 8.054212e-004 4.609415e-003 1.090613e-002
<GCONST> 2.287752e+001
<MIXTURE> 2 2.291879e-001
<MEAN> 9
 -8.295487e+000 -4.850211e+000 2.730715e+000 -9.551580e+000 -4.999823e+001 -1.879653e+002 3.784273e-001 2.809521e-001 1.437530e-001
<VARIANCE> 9
 1.605298e+000 3.068072e+000 2.479609e+000 1.149586e+003 2.558460e+003 1.207556e+003 4.017627e-003 4.765118e-003 2.688109e-003
<GCONST> 2.425161e+001
<MIXTURE> 3 2.157978e-001
<MEAN> 9
 -6.701854e+000 -1.143926e+000 -5.720108e-001 2.137312e+001 -1.970174e+002 -1.094670e+002 4.630976e-001 1.026942e-001 3.003601e-001
<VARIANCE> 9
 1.232174e+000 1.461623e+000 2.270550e+000 3.588850e+002 4.920736e+003 3.696514e+003 8.354799e-004 5.489234e-003 1.293620e-002
<GCONST> 2.390841e+001
<MIXTURE> 4 2.291879e-001
<MEAN> 9
 -8.802289e+000 -5.550848e+000 2.100844e+000 -2.311380e+001 -7.023071e+001 -2.018653e+002 3.530734e-001 2.533402e-001 1.230142e-001
<VARIANCE> 9
 1.605298e+000 3.068072e+000 2.479609e+000 1.149586e+003 2.558460e+003 1.207556e+003 4.017627e-003 4.765118e-003 2.688109e-003
<GCONST> 2.425161e+001
<STATE> 7
<NUMMIXES> 4
<MIXTURE> 1 2.638751e-001
<MEAN> 9
 -5.125957e+000 -1.004518e+001 1.867213e+000 -1.911457e+001 9.147289e+001 -6.997495e+001 4.235619e-002 3.761212e-001 1.856424e-001
<VARIANCE> 9
 1.360226e+000 3.498099e-001 1.312838e+000 1.293501e+002 2.140326e+003 2.325202e+003 4.732619e-003 5.782502e-004 2.823021e-004
<GCONST> 1.537186e+001
<MIXTURE> 2 2.127263e-001
<MEAN> 9
 -6.800177e+000 -9.671564e+000 2.482018e+000 -2.067875e+001 3.968819e+001 -1.467647e+002 1.304698e-001 3.718697e-001 1.609627e-001
<VARIANCE> 9
 1.378094e+000 1.927460e+000 1.323861e+000 5.590906e+002 2.052936e+003 2.172181e+003 7.048528e-003 5.782502e-004 7.006960e-004
<GCONST> 1.976130e+001
<MIXTURE> 3 2.595233e-001
<MEAN> 9
 -7.087293e+000 -1.029668e+001 2.708590e+000 -2.541264e+001 2.574510e+001 -1.738521e+002 1.383334e-001 3.683195e-001 1.450524e-001
<VARIANCE> 9
 1.077219e+000 2.499726e+000 2.460871e+000 1.294024e+003 2.057453e+003 2.245315e+003 5.902983e-003 5.782502e-004 6.300127e-004
<GCONST> 2.098574e+001
<MIXTURE> 4 2.638751e-001
<MEAN> 9
 -5.592471e+000 -1.028176e+001 1.408897e+000 -2.366385e+001 7.296742e+001 -8.926309e+001 1.483857e-002 3.665024e-001 1.789216e-001
<VARIANCE> 9
 1.360226e+000 3.498099e-001 1.312838e+000 1.293501e+002 2.140326e+003 2.325202e+003 4.732619e-003 5.782502e-004 2.823021e-004
<GCONST> 1.537186e+001
<TRANSP> 8
 0.000000e+000 1.000000e+000 0.000000e+000 0.000000e+000 0.000000e+000 0.000000e+000 0.000000e+000 0.000000e+000
 0.000000e+000 9.140056e-001 8.599440e-002 0.000000e+000 0.000000e+000 0.000000e+000 0.000000e+000 0.000000e+000
 0.000000e+000 0.000000e+000 9.393966e-001 6.060341e-002 0.000000e+000 0.000000e+000 0.000000e+000 0.000000e+000
 0.000000e+000 0.000000e+000 0.000000e+000 9.600897e-001 3.991024e-002 0.000000e+000 0.000000e+000 0.000000e+000
 0.000000e+000 0.000000e+000 0.000000e+000 0.000000e+000 9.535496e-001 4.645040e-002 0.000000e+000 0.000000e+000
 0.000000e+000 0.000000e+000 0.000000e+000 0.000000e+000 0.000000e+000 9.460788e-001 5.392122e-002 0.000000e+000
 0.000000e+000 0.000000e+000 0.000000e+000 0.000000e+000 0.000000e+000 0.000000e+000 9.367634e-001 6.323662e-002
 0.000000e+000 0.000000e+000 0.000000e+000 0.000000e+000 0.000000e+000 0.000000e+000 0.000000e+000 0.000000e+000
<ENDHMM>
~h "sp"
<BEGINHMM>
<NUMSTATES> 8
<STATE> 2
<NUMMIXES> 4
<MIXTURE> 1 2.354742e-001
<MEAN> 9
 -4.062285e+000 -9.618997e+000 2.178242e+000 -2.737101e+000 7.884294e+001 -6.412720e+000 -1.653105e-003 3.711606e-001 1.975931e-001
<VARIANCE> 9
 1.860450e+000 3.371764e-001 1.718750e+000 1.708182e+002 2.033518e+003 1.210095e+002 5.277574e-004 5.782502e-004 3.802106e-004
<GCONST> 1.129299e+001
<MIXTURE> 2 2.556325e-001
<MEAN> 9
 -4.027754e+000 -9.821218e+000 2.063420e+000 -6.718784e+000 6.366848e+001 -1.028808e+001 -1.777671e-002 3.659852e-001 1.797361e-001
<VARIANCE> 9
 2.484902e+000 3.371764e-001 2.685367e+000 2.929714e+002 2.776628e+003 1.210095e+002 5.031207e-004 5.782502e-004 3.929079e-004
<GCONST> 1.286461e+001
<MIXTURE> 3 2.734193e-001
<MEAN> 9
 -4.267947e+000 -9.860908e+000 1.255643e+000 -1.065154e+001 4.997821e+001 -1.499860e+001 -2.624838e-002 3.637245e-001 1.709264e-001
<VARIANCE> 9
 2.181486e+000 3.371764e-001 3.384907e+000 3.963682e+002 2.914549e+003 1.210095e+002 4.762525e-004 5.782502e-004 2.902966e-004
<GCONST> 1.295909e+001
<MIXTURE> 4 2.354742e-001
<MEAN> 9
 -4.607879e+000 -9.851264e+000 1.653838e+000 -7.964999e+000 6.080512e+001 -1.081289e+001 -1.084229e-002 3.615418e-001 1.897935e-001
<VARIANCE> 9
 1.860450e+000 3.371764e-001 1.718750e+000 1.708182e+002 2.033518e+003 1.210095e+002 5.277574e-004 5.782502e-004 3.802106e-004
<GCONST> 1.129299e+001
<STATE> 3
<NUMMIXES> 4
<MIXTURE> 1 2.557775e-001
<MEAN> 9
 -2.937577e+000 -9.685095e+000 2.625288e-001 7.025979e+000 3.810469e+000 2.426519e+000 -1.562167e-002 3.701929e-001 1.892177e-001
<VARIANCE> 9
 7.559276e-001 3.371764e-001 5.124855e-001 2.977951e+001 1.935649e+002 1.210095e+002 4.762525e-004 5.782502e-004 4.458479e-004
<GCONST> 5.140155e+000
<MIXTURE> 2 2.456363e-001
<MEAN> 9
 -2.445455e+000 -9.817206e+000 -1.954609e-001 5.937719e+000 -7.057305e+000 2.183163e+000 -3.049178e-002 3.635171e-001 1.796981e-001
<VARIANCE> 9
 8.601016e-001 3.371764e-001 3.743050e-001 2.977951e+001 1.568669e+002 1.210095e+002 4.762525e-004 5.782502e-004 3.314801e-004
<GCONST> 4.448432e+000
<MIXTURE> 3 2.428090e-001
<MEAN> 9
 -2.394155e+000 -9.850053e+000 -2.930882e-001 5.889670e+000 -1.167703e+001 2.883677e+000 -3.660304e-002 3.606783e-001 1.751422e-001
<VARIANCE> 9
 8.000897e-001 3.371764e-001 3.446873e-001 2.977951e+001 1.247159e+002 1.210095e+002 4.762525e-004 5.782502e-004 2.428169e-004
<GCONST> 3.753055e+000
<MIXTURE> 4 2.557775e-001
<MEAN> 9
 -3.285353e+000 -9.917362e+000 -2.382358e-002 4.843155e+000 -1.754635e+000 -1.973653e+000 -2.435095e-002 3.605741e-001 1.807717e-001
<VARIANCE> 9
 7.559276e-001 3.371764e-001 5.124855e-001 2.977951e+001 1.935649e+002 1.210095e+002 4.762525e-004 5.782502e-004 4.458479e-004
<GCONST> 5.140155e+000
<STATE> 4
<NUMMIXES> 4
<MIXTURE> 1 2.569158e-001
<MEAN> 9
 -2.165712e+000 -9.816001e+000 1.645812e-001 4.257927e+000 2.294263e-001 2.792208e+000 -3.259313e-002 3.669519e-001 1.851984e-001
<VARIANCE> 9
 2.102776e-001 3.371764e-001 7.942849e-002 2.977951e+001 3.680466e+001 1.210095e+002 4.762525e-004 5.782502e-004 4.560541e-004
<GCONST> 3.588681e-001
<MIXTURE> 2 2.456948e-001
<MEAN> 9
 -2.311325e+000 -9.913887e+000 1.019561e-001 3.156489e+000 -9.691626e-001 7.342227e-001 -3.356751e-002 3.634195e-001 1.751086e-001
<VARIANCE> 9
 1.998173e-001 3.371764e-001 9.979464e-002 2.977951e+001 3.680466e+001 1.210095e+002 4.762525e-004 5.782502e-004 2.668471e-004
<GCONST> 1.668930e-004
<MIXTURE> 3 2.404729e-001
<MEAN> 9
 -2.385083e+000 -9.890626e+000 1.387560e-002 2.950176e+000 -2.558935e+000 9.662659e-001 -3.246916e-002 3.618493e-001 1.696496e-001
<VARIANCE> 9
 1.794825e-001 3.371764e-001 1.169446e-001 2.977951e+001 3.680466e+001 1.210095e+002 4.762525e-004 5.782502e-004 1.951569e-004
<GCONST> -2.614470e-001
<MIXTURE> 4 2.569158e-001
<MEAN> 9
 -2.349136e+000 -1.004827e+001 5.184898e-002 2.075103e+000 -2.197248e+000 -1.607965e+000 -4.132241e-002 3.573331e-001 1.766562e-001
<VARIANCE> 9
 2.102776e-001 3.371764e-001 7.942849e-002 2.977951e+001 3.680466e+001 1.210095e+002 4.762525e-004 5.782502e-004 4.560541e-004
<GCONST> 3.588681e-001
<STATE> 5
<NUMMIXES> 4
<MIXTURE> 1 2.330375e-001
<MEAN> 9
 -3.179312e+000 -9.690093e+000 2.556044e-001 3.281812e+000 1.296929e+000 3.981864e-001 1.913581e-003 3.696703e-001 1.958806e-001
<VARIANCE> 9
 1.491142e-001 3.371764e-001 6.976298e-002 2.977951e+001 3.680466e+001 1.210095e+002 4.762525e-004 5.782502e-004 3.341751e-004
<GCONST> -4.255471e-001
<MIXTURE> 2 2.632524e-001
<MEAN> 9
 -2.951255e+000 -9.629276e+000 3.576588e-001 4.138739e+000 6.929007e-001 2.641960e+000 -3.630308e-003 3.732718e-001 1.859016e-001
<VARIANCE> 9
 1.491142e-001 3.371764e-001 6.976298e-002 2.977951e+001 3.680466e+001 1.210095e+002 4.762525e-004 5.782502e-004 3.253953e-004
<GCONST> -4.521718e-001
<MIXTURE> 3 2.404574e-001
<MEAN> 9
 -3.136302e+000 -9.711076e+000 2.556866e-001 3.153849e+000 -2.724152e-001 3.976712e-001 -3.014278e-003 3.680710e-001 1.888474e-001
<VARIANCE> 9
 1.491142e-001 3.371764e-001 6.976298e-002 2.977951e+001 3.680466e+001 1.210095e+002 4.762525e-004 5.782502e-004 3.625382e-004
<GCONST> -3.440828e-001
<MIXTURE> 4 2.632524e-001
<MEAN> 9
 -3.105717e+000 -9.861544e+000 2.520081e-001 1.955915e+000 -1.733773e+000 -1.758213e+000 -1.235959e-002 3.636530e-001 1.786861e-001
<VARIANCE> 9
 1.491142e-001 3.371764e-001 6.976298e-002 2.977951e+001 3.680466e+001 1.210095e+002 4.762525e-004 5.782502e-004 3.253953e-004
<GCONST> -4.521718e-001
<STATE> 6
<NUMMIXES> 4
<MIXTURE> 1 2.552792e-001
<MEAN> 9
 -2.713840e+000 -9.775060e+000 7.267703e-001 4.697107e+000 -7.715289e+000 4.262177e+000 -2.710975e-002 3.690945e-001 1.847414e-001
<VARIANCE> 9
 6.178002e-001 3.371764e-001 1.041771e-001 2.977951e+001 7.970717e+001 1.210095e+002 4.762525e-004 5.782502e-004 2.879829e-004
<GCONST> 2.020862e+000
<MIXTURE> 2 2.542605e-001
<MEAN> 9
 -2.774712e+000 -9.898502e+000 6.124348e-001 3.933898e+000 -1.083515e+001 1.790368e+000 -3.283388e-002 3.644615e-001 1.833049e-001
<VARIANCE> 9
 5.543669e-001 3.371764e-001 8.002097e-002 2.977951e+001 8.591747e+001 1.210095e+002 4.762525e-004 5.782502e-004 3.460442e-004
<GCONST> 1.907416e+000
<MIXTURE> 3 2.351811e-001
<MEAN> 9
 -2.830413e+000 -9.896141e+000 5.213946e-001 3.559098e+000 -1.366301e+001 1.439484e+000 -3.453948e-002 3.625552e-001 1.803068e-001
<VARIANCE> 9
 5.527298e-001 3.371764e-001 7.403717e-002 2.977951e+001 8.587324e+001 1.210095e+002 4.762525e-004 5.782502e-004 3.385612e-004
<GCONST> 1.804362e+000
<MIXTURE> 4 2.552792e-001
<MEAN> 9
 -3.028241e+000 -1.000733e+001 5.976644e-001 2.514283e+000 -1.128644e+001 -1.379952e-001 -3.583903e-002 3.594757e-001 1.779534e-001
<VARIANCE> 9
 6.178002e-001 3.371764e-001 1.041771e-001 2.977951e+001 7.970717e+001 1.210095e+002 4.762525e-004 5.782502e-004 2.879829e-004
<GCONST> 2.020862e+000
<STATE> 7
<NUMMIXES> 4
<MIXTURE> 1 2.821265e-001
<MEAN> 9
 -5.421098e+000 -9.966261e+000 1.566066e+000 1.029024e+001 -2.222346e+001 3.068486e+001 3.565312e-004 3.688452e-001 1.878512e-001
<VARIANCE> 9
 1.246317e+000 3.371764e-001 9.571255e-001 4.998203e+001 1.328671e+003 3.817400e+002 5.937606e-004 5.782502e-004 4.912484e-004
<GCONST> 1.017536e+001
<MIXTURE> 2 2.374039e-001
<MEAN> 9
 -4.832217e+000 -9.802079e+000 1.460240e+000 3.357447e+000 -8.123412e+001 1.854102e+001 -1.594349e-002 3.704486e-001 1.941971e-001
<VARIANCE> 9
 2.681753e+000 3.371764e-001 6.751828e-001 3.147091e+001 6.876752e+003 1.523645e+002 4.762525e-004 5.782502e-004 3.470558e-004
<GCONST> 1.028759e+001
<MIXTURE> 3 2.430655e-001
<MEAN> 9
 -5.358866e+000 -9.909453e+000 1.272121e+000 6.737217e+000 -4.015463e+001 2.178947e+001 -1.376818e-002 3.662340e-001 1.862790e-001
<VARIANCE> 9
 1.736158e+000 3.371764e-001 7.088272e-001 4.552498e+001 1.887125e+003 3.032335e+002 5.935801e-004 5.782502e-004 4.912380e-004
<GCONST> 1.023343e+001
<MIXTURE> 4 2.374039e-001
<MEAN> 9
 -5.487259e+000 -1.003435e+001 1.131562e+000 1.113489e+000 -1.144046e+002 1.360358e+001 -2.467277e-002 3.608298e-001 1.867453e-001
<VARIANCE> 9
 2.681753e+000 3.371764e-001 6.751828e-001 3.147091e+001 6.876752e+003 1.523645e+002 4.762525e-004 5.782502e-004 3.470558e-004
<GCONST> 1.028759e+001
<TRANSP> 8
 0.000000e+000 1.000000e+000 0.000000e+000 0.000000e+000 0.000000e+000 0.000000e+000 0.000000e+000 0.000000e+000
 0.000000e+000 8.651386e-001 1.348614e-001 0.000000e+000 0.000000e+000 0.000000e+000 0.000000e+000 0.000000e+000
 0.000000e+000 0.000000e+000 7.472801e-001 2.527200e-001 0.000000e+000 0.000000e+000 0.000000e+000 0.000000e+000
 0.000000e+000 0.000000e+000 0.000000e+000 9.269612e-001 7.303883e-002 0.000000e+000 0.000000e+000 0.000000e+000
 0.000000e+000 0.000000e+000 0.000000e+000 0.000000e+000 9.319472e-001 6.805285e-002 0.000000e+000 0.000000e+000
 0.000000e+000 0.000000e+000 0.000000e+000 0.000000e+000 0.000000e+000 7.109805e-001 2.890195e-001 0.000000e+000
 0.000000e+000 0.000000e+000 0.000000e+000 0.000000e+000 0.000000e+000 0.000000e+000 8.211277e-001 1.788723e-001
 0.000000e+000 0.000000e+000 0.000000e+000 0.000000e+000 0.000000e+000 0.000000e+000 0.000000e+000 0.000000e+000
<ENDHMM>
~h "ssil"
<BEGINHMM>
<NUMSTATES> 8
<STATE> 2
<NUMMIXES> 4
<MIXTURE> 1 2.558061e-001
<MEAN> 9
 -2.843047e+000 -9.700686e+000 3.603157e-001 5.370659e+000 1.299316e+001 1.797077e+000 -1.774289e-002 3.696352e-001 1.810077e-001
<VARIANCE> 9
 6.545509e-001 3.371764e-001 3.899692e-001 2.977951e+001 5.768176e+002 1.210095e+002 4.762525e-004 5.782502e-004 3.476246e-004
<GCONST> 5.566014e+000
<MIXTURE> 2 2.445921e-001
<MEAN> 9
 -2.837291e+000 -9.755019e+000 1.046932e-001 4.210999e+000 -2.559680e+000 4.729964e-001 -2.035681e-002 3.659278e-001 1.698388e-001
<VARIANCE> 9
 6.265062e-001 3.371764e-001 3.184949e-001 2.977951e+001 2.790250e+002 1.210095e+002 4.762525e-004 5.782502e-004 1.938003e-004
<GCONST> 4.009242e+000
<MIXTURE> 3 2.437958e-001
<MEAN> 9
 -2.956256e+000 -9.785515e+000 5.485670e-002 4.196843e+000 -8.522231e+000 8.263254e-002 -2.210278e-002 3.642672e-001 1.654024e-001
<VARIANCE> 9
 7.310058e-001 3.371764e-001 3.131788e-001 2.977951e+001 2.256527e+002 1.210095e+002 4.762525e-004 5.782502e-004 1.938003e-004
<GCONST> 3.934367e+000
<MIXTURE> 4 2.558061e-001
<MEAN> 9
 -3.166665e+000 -9.932954e+000 1.105257e-001 3.187835e+000 3.386353e+000 -2.603096e+000 -2.647217e-002 3.600164e-001 1.735499e-001
<VARIANCE> 9
 6.545509e-001 3.371764e-001 3.899692e-001 2.977951e+001 5.768176e+002 1.210095e+002 4.762525e-004 5.782502e-004 3.476246e-004
<GCONST> 5.566014e+000
<STATE> 3
<NUMMIXES> 4
<MIXTURE> 1 2.674823e-001
<MEAN> 9
 -2.493431e+000 -9.742738e+000 1.582061e-001 4.541547e+000 7.442322e-001 2.422388e+000 -2.262662e-002 3.704375e-001 1.845817e-001
<VARIANCE> 9
 1.491142e-001 3.371764e-001 6.976298e-002 2.977951e+001 3.680466e+001 1.210095e+002 4.762525e-004 5.782502e-004 1.938003e-004
<GCONST> -9.703841e-001
<MIXTURE> 2 2.451241e-001
<MEAN> 9
 -2.560690e+000 -9.860990e+000 1.112966e-001 3.442040e+000 -3.578378e-001 2.298391e-001 -2.681762e-002 3.660800e-001 1.819249e-001
<VARIANCE> 9
 1.491142e-001 3.371764e-001 6.976298e-002 2.977951e+001 3.680466e+001 1.210095e+002 4.762525e-004 5.782502e-004 1.938003e-004
<GCONST> -9.703841e-001
<MIXTURE> 3 2.199113e-001
<MEAN> 9
 -2.561744e+000 -9.854354e+000 1.022273e-001 3.478510e+000 -1.140277e+000 2.332124e-001 -2.780889e-002 3.643564e-001 1.800293e-001
<VARIANCE> 9
 1.491142e-001 3.371764e-001 6.976298e-002 2.977951e+001 3.680466e+001 1.210095e+002 4.762525e-004 5.782502e-004 1.938003e-004
<GCONST> -9.703841e-001
<MIXTURE> 4 2.674823e-001
<MEAN> 9
 -2.647893e+000 -9.975005e+000 5.255533e-002 2.358723e+000 -1.682442e+000 -1.977785e+000 -3.135590e-002 3.608187e-001 1.790133e-001
<VARIANCE> 9
 1.491142e-001 3.371764e-001 6.976298e-002 2.977951e+001 3.680466e+001 1.210095e+002 4.762525e-004 5.782502e-004 1.938003e-004
<GCONST> -9.703841e-001
<STATE> 4
<NUMMIXES> 4
<MIXTURE> 1 2.267095e-001
<MEAN> 9
 -2.017974e+000 -9.998092e+000 4.831901e-001 3.245331e+000 3.267679e-001 2.298281e-001 -5.268130e-002 3.610144e-001 1.848460e-001
<VARIANCE> 9
 1.491142e-001 3.371764e-001 6.976298e-002 2.977951e+001 3.680466e+001 1.210095e+002 4.762525e-004 5.782502e-004 1.938003e-004
<GCONST> -9.703841e-001
<MIXTURE> 2 2.679551e-001
<MEAN> 9
 -1.897190e+000 -9.886167e+000 5.495078e-001 4.355017e+000 1.078503e+000 2.406768e+000 -5.007767e-002 3.637414e-001 1.818806e-001
<VARIANCE> 9
 1.491142e-001 3.371764e-001 6.976298e-002 2.977951e+001 3.680466e+001 1.210095e+002 4.762525e-004 5.782502e-004 2.050223e-004
<GCONST> -9.140935e-001
<MIXTURE> 3 2.373800e-001
<MEAN> 9
 -2.002634e+000 -9.999160e+000 4.691272e-001 3.262070e+000 -2.340819e-001 2.104949e-001 -5.393325e-002 3.587148e-001 1.811499e-001
<VARIANCE> 9
 1.491142e-001 3.371764e-001 6.976298e-002 2.977951e+001 3.680466e+001 1.210095e+002 4.762525e-004 5.782502e-004 1.938003e-004
<GCONST> -9.703841e-001
<MIXTURE> 4 2.679551e-001
<MEAN> 9
 -2.051652e+000 -1.011843e+001 4.438570e-001 2.172193e+000 -1.348171e+000 -1.993405e+000 -5.880695e-002 3.541226e-001 1.761532e-001
<VARIANCE> 9
 1.491142e-001 3.371764e-001 6.976298e-002 2.977951e+001 3.680466e+001 1.210095e+002 4.762525e-004 5.782502e-004 2.050223e-004
<GCONST> -9.140935e-001
<STATE> 5
<NUMMIXES> 4
<MIXTURE> 1 2.473425e-001
<MEAN> 9
 -2.603606e+000 -9.725838e+000 4.443161e-001 4.244985e+000 5.116655e-001 2.323209e+000 -1.654033e-002 3.720579e-001 1.715402e-001
<VARIANCE> 9
 1.491142e-001 3.371764e-001 6.976298e-002 2.977951e+001 3.680466e+001 1.210095e+002 4.762525e-004 5.782502e-004 1.938003e-004
<GCONST> -9.703841e-001
<MIXTURE> 2 2.518311e-001
<MEAN> 9
 -2.678008e+000 -9.841326e+000 3.894854e-001 3.175427e+000 -5.181242e-001 1.111000e-001 -2.064421e-002 3.677926e-001 1.691665e-001
<VARIANCE> 9
 1.491142e-001 3.371764e-001 6.976298e-002 2.977951e+001 3.680466e+001 1.210095e+002 4.762525e-004 5.782502e-004 1.938003e-004
<GCONST> -9.703841e-001
<MIXTURE> 3 2.534813e-001
<MEAN> 9
 -2.688424e+000 -9.842934e+000 3.446795e-001 3.108732e+000 -1.020965e+000 2.266679e-001 -2.119313e-002 3.659631e-001 1.657965e-001
<VARIANCE> 9
 1.491142e-001 3.371764e-001 6.976298e-002 2.977951e+001 3.680466e+001 1.210095e+002 4.762525e-004 5.782502e-004 1.938003e-004
<GCONST> -9.703841e-001
<MIXTURE> 4 2.473425e-001
<MEAN> 9
 -2.758068e+000 -9.958105e+000 3.386654e-001 2.062161e+000 -1.915008e+000 -2.076964e+000 -2.526961e-002 3.624391e-001 1.659718e-001
<VARIANCE> 9
 1.491142e-001 3.371764e-001 6.976298e-002 2.977951e+001 3.680466e+001 1.210095e+002 4.762525e-004 5.782502e-004 1.938003e-004
<GCONST> -9.703841e-001
<STATE> 6
<NUMMIXES> 4
<MIXTURE> 1 2.471251e-001
<MEAN> 9
 -3.108207e+000 -9.717561e+000 -9.831661e-003 3.303065e+000 1.873887e-001 1.794848e-001 1.571076e-003 3.699134e-001 2.136080e-001
<VARIANCE> 9
 1.491142e-001 3.371764e-001 6.976298e-002 2.977951e+001 3.680466e+001 1.210095e+002 4.762525e-004 5.782502e-004 2.734706e-004
<GCONST> -6.260180e-001
<MIXTURE> 2 2.504903e-001
<MEAN> 9
 -3.051240e+000 -9.591629e+000 -3.699492e-002 4.361498e+000 1.332583e+000 2.347492e+000 4.452055e-003 3.734706e-001 2.048817e-001
<VARIANCE> 9
 1.491142e-001 3.371764e-001 6.976298e-002 2.977951e+001 3.680466e+001 1.210095e+002 4.762525e-004 5.782502e-004 2.807350e-004
<GCONST> -5.998015e-001
<MIXTURE> 3 2.518941e-001
<MEAN> 9
 -3.130080e+000 -9.709295e+000 -7.265025e-002 3.276437e+000 3.385544e-005 1.420887e-001 3.534809e-004 3.681701e-001 2.058214e-001
<VARIANCE> 9
 1.491142e-001 3.371764e-001 6.976298e-002 2.977951e+001 3.680466e+001 1.210095e+002 4.762525e-004 5.782502e-004 2.948737e-004
<GCONST> -5.506654e-001
<MIXTURE> 4 2.504903e-001
<MEAN> 9
 -3.205702e+000 -9.823896e+000 -1.426457e-001 2.178674e+000 -1.094091e+000 -2.052681e+000 -4.277229e-003 3.638518e-001 1.981797e-001
<VARIANCE> 9
 1.491142e-001 3.371764e-001 6.976298e-002 2.977951e+001 3.680466e+001 1.210095e+002 4.762525e-004 5.782502e-004 2.807350e-004
<GCONST> -5.998015e-001
<STATE> 7
<NUMMIXES> 4
<MIXTURE> 1 3.028342e-001
<MEAN> 9
 -4.964005e+000 -1.016372e+001 1.465985e+000 1.102303e+001 1.085472e-002 2.416069e+001 2.567120e-003 3.707536e-001 2.033016e-001
<VARIANCE> 9
 1.054373e+000 3.939073e-001 1.467136e+000 7.792271e+001 8.708854e+002 3.882209e+002 4.762525e-004 5.782502e-004 6.895449e-004
<GCONST> 1.074777e+001
<MIXTURE> 2 2.288462e-001
<MEAN> 9
 -3.841716e+000 -9.729534e+000 1.256005e+000 3.108982e+000 -1.530459e+001 9.233027e+000 -1.704616e-002 3.701064e-001 1.924153e-001
<VARIANCE> 9
 2.516142e+000 3.371764e-001 8.066541e-001 2.977951e+001 1.387440e+003 1.210095e+002 5.889508e-004 5.782502e-004 2.937870e-004
<GCONST> 8.561191e+000
<MIXTURE> 3 2.394732e-001
<MEAN> 9
 -4.887303e+000 -1.002335e+001 1.187658e+000 7.094769e+000 -1.129055e+001 1.906652e+001 -1.023449e-002 3.688848e-001 1.942094e-001
<VARIANCE> 9
 1.667286e+000 3.371764e-001 7.850714e-001 5.593710e+001 7.964290e+002 3.307355e+002 6.402461e-004 5.782502e-004 6.992606e-004
<GCONST> 1.015400e+001
<MIXTURE> 4 2.288462e-001
<MEAN> 9
 -4.476210e+000 -9.961802e+000 8.967492e-001 9.261578e-001 -3.020393e+001 4.832853e+000 -2.675348e-002 3.604876e-001 1.855593e-001
<VARIANCE> 9
 2.516142e+000 3.371764e-001 8.066541e-001 2.977951e+001 1.387440e+003 1.210095e+002 5.889508e-004 5.782502e-004 2.937870e-004
<GCONST> 8.561191e+000
<TRANSP> 8
 0.000000e+000 1.000000e+000 0.000000e+000 0.000000e+000 0.000000e+000 0.000000e+000 0.000000e+000 0.000000e+000
 0.000000e+000 7.714818e-001 2.285182e-001 0.000000e+000 0.000000e+000 0.000000e+000 0.000000e+000 0.000000e+000
 0.000000e+000 0.000000e+000 9.061949e-001 9.380507e-002 0.000000e+000 0.000000e+000 0.000000e+000 0.000000e+000
 0.000000e+000 0.000000e+000 0.000000e+000 9.661675e-001 3.383255e-002 0.000000e+000 0.000000e+000 0.000000e+000
 0.000000e+000 0.000000e+000 0.000000e+000 0.000000e+000 9.510333e-001 4.896666e-002 0.000000e+000 0.000000e+000
 0.000000e+000 0.000000e+000 0.000000e+000 0.000000e+000 0.000000e+000 9.768039e-001 2.319614e-002 0.000000e+000
 0.000000e+000 0.000000e+000 0.000000e+000 0.000000e+000 0.000000e+000 0.000000e+000 6.581557e-001 3.418443e-001
 0.000000e+000 0.000000e+000 0.000000e+000 0.000000e+000 0.000000e+000 0.000000e+000 0.000000e+000 0.000000e+000
<ENDHMM>
~h "HAU"
<BEGINHMM>
<NUMSTATES> 8
<STATE> 2
<NUMMIXES> 4
<MIXTURE> 1 2.952707e-001
<MEAN> 9
 -7.190825e+000 -1.101986e+001 2.316069e+000 1.255439e+001 -1.047148e+002 1.938051e+002 1.856725e-001 3.615015e-001 2.227048e-001
<VARIANCE> 9
 1.152599e+000 9.962708e-001 9.375350e-001 3.429926e+002 5.548095e+003 1.789195e+003 5.021516e-003 5.782502e-004 1.122833e-003
<GCONST> 1.902169e+001
<MIXTURE> 2 2.481973e-001
<MEAN> 9
 -6.278251e+000 -1.135342e+001 1.427434e+000 4.400060e+000 -1.711229e+002 1.165371e+002 4.974299e-002 3.811123e-001 2.286713e-001
<VARIANCE> 9
 3.386461e+000 5.905657e-001 3.187102e-001 6.873831e+001 6.164303e+003 2.966692e+003 2.264487e-003 5.782502e-004 3.488124e-004
<GCONST> 1.553569e+001
<MIXTURE> 3 2.083348e-001
<MEAN> 9
 -7.167075e+000 -1.149533e+001 1.888283e+000 7.114649e+000 -1.324688e+002 1.711301e+002 1.322510e-001 3.687932e-001 2.264724e-001
<VARIANCE> 9
 1.530560e+000 1.005848e+000 8.009767e-001 2.338876e+002 7.969636e+003 2.856839e+003 6.185184e-003 5.782502e-004 7.394274e-004
<GCONST> 1.939540e+001
<MIXTURE> 4 2.481973e-001
<MEAN> 9
 -7.014345e+000 -1.166082e+001 1.201616e+000 1.083717e+000 -2.025281e+002 9.475013e+001 3.070833e-002 3.714935e-001 2.212007e-001
<VARIANCE> 9
 3.386461e+000 5.905657e-001 3.187102e-001 6.873831e+001 6.164303e+003 2.966692e+003 2.264487e-003 5.782502e-004 3.488124e-004
<GCONST> 1.553569e+001
<STATE> 3
<NUMMIXES> 4
<MIXTURE> 1 2.708146e-001
<MEAN> 9
 -6.596995e+000 -1.270564e+000 2.030676e+000 4.443121e+001 8.151743e+001 2.182306e+002 4.912963e-001 9.213226e-002 1.908858e-001
<VARIANCE> 9
 2.819744e+000 8.014415e+000 2.150867e+000 9.613049e+002 4.318160e+003 2.442855e+003 2.081498e-003 1.372489e-002 1.995546e-003
<GCONST> 2.678440e+001
<MIXTURE> 2 2.117709e-001
<MEAN> 9
 -7.661021e+000 -4.939216e+000 2.667395e+000 3.772799e+001 7.068665e+000 2.089249e+002 4.149750e-001 1.889619e-001 1.794978e-001
<VARIANCE> 9
 1.156293e+000 1.225028e+001 1.797161e+000 7.943381e+002 3.873064e+003 1.895507e+003 6.288255e-003 1.652119e-002 2.015702e-003
<GCONST> 2.688545e+001
<MIXTURE> 3 2.465996e-001
<MEAN> 9
 -7.891172e+000 -5.709278e+000 2.419687e+000 2.589937e+001 -1.577082e+001 1.972545e+002 3.918698e-001 2.194058e-001 1.972986e-001
<VARIANCE> 9
 8.064706e-001 1.167959e+001 1.782210e+000 7.616738e+002 3.081968e+003 1.764563e+003 6.597849e-003 1.505385e-002 2.228583e-003
<GCONST> 2.618248e+001
<MIXTURE> 4 2.708146e-001
<MEAN> 9
 -7.268679e+000 -2.402954e+000 1.444042e+000 3.202924e+001 5.523235e+001 1.984604e+002 4.730469e-001 4.527095e-002 1.730172e-001
<VARIANCE> 9
 2.819744e+000 8.014415e+000 2.150867e+000 9.613049e+002 4.318160e+003 2.442855e+003 2.081498e-003 1.372489e-002 1.995546e-003
<GCONST> 2.678440e+001
<STATE> 4
<NUMMIXES> 4
<MIXTURE> 1 2.625701e-001
<MEAN> 9
 -6.941232e+000 3.556113e+000 2.075980e+000 7.118563e+000 4.907638e+000 8.593070e+000 5.094725e-001 -9.210852e-002 2.482462e-001
<VARIANCE> 9
 9.730684e+000 1.221460e+000 3.176488e-001 1.185819e+002 3.872008e+002 2.181055e+003 4.762525e-004 2.396878e-003 1.990096e-004
<GCONST> 1.408622e+001
<MIXTURE> 2 2.443511e-001
<MEAN> 9
 -7.736294e+000 3.752924e+000 1.934791e+000 5.709895e+000 -2.499312e+000 -5.655485e+000 5.019631e-001 -1.170504e-001 2.476130e-001
<VARIANCE> 9
 6.826892e+000 1.382733e+000 2.600062e-001 1.000214e+002 2.700003e+002 1.499114e+003 4.762525e-004 2.805099e-003 1.938003e-004
<GCONST> 1.288065e+001
<MIXTURE> 3 2.305085e-001
<MEAN> 9
 -7.835240e+000 3.872521e+000 1.863590e+000 4.303385e+000 -8.619414e+000 -1.052051e+001 4.998744e-001 -1.255992e-001 2.464721e-001
<VARIANCE> 9
 6.334074e+000 1.374076e+000 3.043756e-001 1.113261e+002 3.429474e+002 1.605713e+003 4.762525e-004 2.965675e-003 1.938003e-004
<GCONST> 1.342760e+001
<MIXTURE> 4 2.625701e-001
<MEAN> 9
 -8.188994e+000 3.114035e+000 1.850538e+000 2.762750e+000 -2.963330e+000 -1.008764e+001 5.007432e-001 -1.116917e-001 2.426034e-001
<VARIANCE> 9
 9.730684e+000 1.221460e+000 3.176488e-001 1.185819e+002 3.872008e+002 2.181055e+003 4.762525e-004 2.396878e-003 1.990096e-004
<GCONST> 1.408622e+001
<STATE> 5
<NUMMIXES> 4
<MIXTURE> 1 2.574843e-001
<MEAN> 9
 -6.356286e+000 1.449236e+000 2.009270e+000 3.078017e+001 -5.522048e+001 -9.783750e+001 5.178549e-001 -2.011238e-002 2.150254e-001
<VARIANCE> 9
 1.827988e+000 5.501333e-001 4.521704e-001 1.526679e+002 1.010122e+003 1.609414e+003 4.762525e-004 2.274044e-003 7.656965e-004
<GCONST> 1.417205e+001
<MIXTURE> 2 2.116255e-001
<MEAN> 9
 -7.158808e+000 -2.951061e-001 1.991047e+000 1.652195e+001 -3.068797e+001 -1.503068e+002 5.042863e-001 5.983779e-002 1.727912e-001
<VARIANCE> 9
 2.204458e+000 1.060054e+000 3.762319e-001 1.611604e+002 1.229891e+003 1.455863e+003 4.762525e-004 2.892622e-003 7.230958e-004
<GCONST> 1.516546e+001
<MIXTURE> 3 2.734059e-001
<MEAN> 9
 -7.346288e+000 -6.779401e-001 1.901302e+000 1.238709e+001 -3.320207e+001 -1.635854e+002 4.979852e-001 8.544055e-002 1.618302e-001
<VARIANCE> 9
 2.032585e+000 9.147455e-001 3.693457e-001 1.652616e+002 1.251155e+003 1.085685e+003 4.762525e-004 2.370068e-003 9.664977e-004
<GCONST> 1.475816e+001
<MIXTURE> 4 2.574843e-001
<MEAN> 9
 -6.897098e+000 1.152552e+000 1.740296e+000 2.583781e+001 -6.793344e+001 -1.138845e+002 5.091255e-001 -3.918716e-002 2.039569e-001
<VARIANCE> 9
 1.827988e+000 5.501333e-001 4.521704e-001 1.526679e+002 1.010122e+003 1.609414e+003 4.762525e-004 2.274044e-003 7.656965e-004
<GCONST> 1.417205e+001
<STATE> 6
<NUMMIXES> 4
<MIXTURE> 1 2.664328e-001
<MEAN> 9
 -7.728315e+000 -7.434026e+000 1.489552e+000 2.717889e+001 5.968305e+001 -1.488564e+002 2.892152e-001 3.354827e-001 2.090315e-001
<VARIANCE> 9
 1.680827e+000 6.721556e+000 1.666870e+000 3.537411e+002 1.085266e+003 1.967658e+003 1.250077e-002 3.574408e-003 8.198827e-004
<GCONST> 2.279692e+001
<MIXTURE> 2 2.249951e-001
<MEAN> 9
 -8.550039e+000 -5.994944e+000 1.943050e+000 1.188221e+001 3.807204e+001 -1.683920e+002 3.502157e-001 2.715852e-001 1.779029e-001
<VARIANCE> 9
 2.167633e+000 6.987689e+000 1.829143e+000 3.352052e+002 2.007213e+003 1.642990e+003 1.048132e-002 5.164963e-003 1.823458e-003
<GCONST> 2.455501e+001
<MIXTURE> 3 2.421390e-001
<MEAN> 9
 -8.907259e+000 -5.661377e+000 2.060192e+000 8.547270e+000 2.775648e+001 -1.781091e+002 3.615824e-001 2.633702e-001 1.635627e-001
<VARIANCE> 9
 2.177828e+000 6.868019e+000 2.054406e+000 3.399241e+002 1.873383e+003 9.878488e+002 9.301621e-003 4.863315e-003 2.297496e-003
<GCONST> 2.414630e+001
<MIXTURE> 4 2.664328e-001
<MEAN> 9
 -8.246902e+000 -8.471065e+000 9.731223e-001 1.965569e+001 4.650570e+001 -1.665998e+002 2.444924e-001 3.115682e-001 1.975781e-001
<VARIANCE> 9
 1.680827e+000 6.721556e+000 1.666870e+000 3.537411e+002 1.085266e+003 1.967658e+003 1.250077e-002 3.574408e-003 8.198827e-004
<GCONST> 2.279692e+001
<STATE> 7
<NUMMIXES> 4
<MIXTURE> 1 2.461956e-001
<MEAN> 9
 -4.526526e+000 -9.975186e+000 1.406812e+000 5.559171e+000 7.168077e+001 -5.505568e+001 5.254315e-002 3.799154e-001 1.943687e-001
<VARIANCE> 9
 1.332057e+000 3.371764e-001 4.096208e-001 1.611770e+002 1.306369e+003 1.578735e+003 2.772006e-003 5.782502e-004 1.971143e-004
<GCONST> 1.259442e+001
<MIXTURE> 2 2.557123e-001
<MEAN> 9
 -4.807118e+000 -1.017976e+001 1.308404e+000 -2.076151e-001 6.783715e+001 -6.094612e+001 3.467149e-002 3.758175e-001 1.860799e-001
<VARIANCE> 9
 1.291330e+000 3.371764e-001 4.494060e-001 1.199349e+002 1.198901e+003 1.385974e+003 2.008338e-003 5.782502e-004 2.031640e-004
<GCONST> 1.185241e+001
<MIXTURE> 3 2.518962e-001
<MEAN> 9
 -5.182939e+000 -1.035081e+001 1.061755e+000 -1.884300e+000 6.783319e+001 -6.918447e+001 3.426442e-002 3.739676e-001 1.803289e-001
<VARIANCE> 9
 1.360473e+000 3.371764e-001 7.051237e-001 1.106375e+002 1.225430e+003 1.376708e+003 2.063158e-003 5.782502e-004 1.938003e-004
<GCONST> 1.226925e+001
<MIXTURE> 4 2.461956e-001
<MEAN> 9
 -4.988186e+000 -1.020745e+001 1.150806e+000 4.809508e-001 5.722328e+001 -7.094900e+001 3.148321e-002 3.702966e-001 1.887529e-001
<VARIANCE> 9
 1.332057e+000 3.371764e-001 4.096208e-001 1.611770e+002 1.306369e+003 1.578735e+003 2.772006e-003 5.782502e-004 1.971143e-004
<GCONST> 1.259442e+001
<TRANSP> 8
 0.000000e+000 1.000000e+000 0.000000e+000 0.000000e+000 0.000000e+000 0.000000e+000 0.000000e+000 0.000000e+000
 0.000000e+000 9.171893e-001 8.281065e-002 0.000000e+000 0.000000e+000 0.000000e+000 0.000000e+000 0.000000e+000
 0.000000e+000 0.000000e+000 9.408833e-001 5.911671e-002 0.000000e+000 0.000000e+000 0.000000e+000 0.000000e+000
 0.000000e+000 0.000000e+000 0.000000e+000 9.596775e-001 4.032253e-002 0.000000e+000 0.000000e+000 0.000000e+000
 0.000000e+000 0.000000e+000 0.000000e+000 0.000000e+000 9.058675e-001 9.413253e-002 0.000000e+000 0.000000e+000
 0.000000e+000 0.000000e+000 0.000000e+000 0.000000e+000 0.000000e+000 9.435902e-001 5.640981e-002 0.000000e+000
 0.000000e+000 0.000000e+000 0.000000e+000 0.000000e+000 0.000000e+000 0.000000e+000 9.261801e-001 7.381991e-002
 0.000000e+000 0.000000e+000 0.000000e+000 0.000000e+000 0.000000e+000 0.000000e+000 0.000000e+000 0.000000e+000
<ENDHMM>
